74,30
x,y,dx,dy,x_c,y_c
127.00,169.00,52.00,52.00,153.00,195.00
116.00,169.00,52.00,52.00,142.00,195.00
106.00,169.00,52.00,52.00,132.00,195.00
127.00,169.00,52.00,52.00,153.00,195.00
127.00,169.00,52.00,52.00,153.00,195.00
127.00,148.00,52.00,52.00,153.00,174.00
127.00,137.00,52.00,52.00,153.00,163.00
137.00,127.00,52.00,52.00,163.00,153.00
137.00,116.00,52.00,52.00,163.00,142.00
116.00,116.00,52.00,52.00,142.00,142.00
116.00,116.00,52.00,52.00,142.00,142.00
106.00,116.00,52.00,52.00,132.00,142.00
106.00,116.00,52.00,52.00,132.00,142.00
106.00,116.00,52.00,52.00,132.00,142.00
95.00,116.00,52.00,52.00,121.00,142.00
84.00,84.00,52.00,52.00,110.00,110.00
84.00,84.00,52.00,52.00,110.00,110.00
95.00,84.00,52.00,52.00,121.00,110.00
106.00,95.00,52.00,52.00,132.00,121.00
116.00,95.00,52.00,52.00,142.00,121.00
169.00,116.00,52.00,52.00,195.00,142.00
179.00,116.00,52.00,52.00,205.00,142.00
190.00,116.00,52.00,52.00,216.00,142.00
179.00,116.00,52.00,52.00,205.00,142.00
190.00,116.00,52.00,52.00,216.00,142.00
201.00,116.00,52.00,52.00,227.00,142.00
232.00,106.00,52.00,52.00,258.00,132.00
211.00,95.00,52.00,52.00,237.00,121.00
190.00,95.00,52.00,52.00,216.00,121.00
169.00,95.00,52.00,52.00,195.00,121.00
148.00,95.00,52.00,52.00,174.00,121.00
127.00,179.00,52.00,52.00,153.00,205.00
116.00,179.00,52.00,52.00,142.00,205.00
106.00,179.00,52.00,52.00,132.00,205.00
106.00,190.00,52.00,52.00,132.00,216.00
106.00,190.00,52.00,52.00,132.00,216.00
116.00,190.00,52.00,52.00,142.00,216.00
127.00,190.00,52.00,52.00,153.00,216.00
148.00,179.00,52.00,52.00,174.00,205.00
169.00,190.00,52.00,52.00,195.00,216.00
179.00,201.00,52.00,52.00,205.00,227.00
169.00,201.00,52.00,52.00,195.00,227.00
148.00,190.00,52.00,52.00,174.00,216.00
169.00,211.00,52.00,52.00,195.00,237.00
148.00,190.00,52.00,52.00,174.00,216.00
148.00,211.00,52.00,52.00,174.00,237.00
127.00,201.00,52.00,52.00,153.00,227.00
106.00,211.00,52.00,52.00,132.00,237.00
116.00,190.00,52.00,52.00,142.00,216.00
106.00,201.00,52.00,52.00,132.00,227.00
127.00,222.00,52.00,52.00,153.00,248.00
127.00,274.00,52.00,52.00,153.00,300.00
116.00,264.00,52.00,52.00,142.00,290.00
106.00,253.00,52.00,52.00,132.00,279.00
106.00,232.00,52.00,52.00,132.00,258.00
84.00,222.00,52.00,52.00,110.00,248.00
84.00,201.00,52.00,52.00,110.00,227.00
84.00,179.00,52.00,52.00,110.00,205.00
74.00,158.00,52.00,52.00,100.00,184.00
74.00,137.00,52.00,52.00,100.00,163.00
148.00,264.00,52.00,52.00,174.00,290.00
179.00,253.00,52.00,52.00,205.00,279.00
211.00,243.00,52.00,52.00,237.00,269.00
232.00,222.00,52.00,52.00,258.00,248.00
253.00,201.00,52.00,52.00,279.00,227.00
264.00,179.00,52.00,52.00,290.00,205.00
274.00,148.00,52.00,52.00,300.00,174.00
285.00,127.00,52.00,52.00,311.00,153.00
