55,0
x,y,dx,dy,x_c,y_c
224.00,240.00,79.00,79.00,263.50,279.50
208.00,240.00,79.00,79.00,247.50,279.50
192.00,224.00,79.00,79.00,231.50,263.50
240.00,240.00,79.00,79.00,279.50,279.50
256.00,240.00,79.00,79.00,295.50,279.50
224.00,224.00,79.00,79.00,263.50,263.50
224.00,208.00,79.00,79.00,263.50,247.50
224.00,192.00,79.00,79.00,263.50,231.50
224.00,176.00,79.00,79.00,263.50,215.50
192.00,176.00,79.00,79.00,231.50,215.50
176.00,176.00,79.00,79.00,215.50,215.50
176.00,176.00,79.00,79.00,215.50,215.50
176.00,176.00,79.00,79.00,215.50,215.50
176.00,176.00,79.00,79.00,215.50,215.50
160.00,176.00,79.00,79.00,199.50,215.50
128.00,144.00,79.00,79.00,167.50,183.50
144.00,128.00,79.00,79.00,183.50,167.50
160.00,128.00,79.00,79.00,199.50,167.50
176.00,144.00,79.00,79.00,215.50,183.50
208.00,160.00,79.00,79.00,247.50,199.50
272.00,176.00,79.00,79.00,311.50,215.50
288.00,192.00,79.00,79.00,327.50,231.50
288.00,192.00,79.00,79.00,327.50,231.50
272.00,176.00,79.00,79.00,311.50,215.50
288.00,176.00,79.00,79.00,327.50,215.50
304.00,192.00,79.00,79.00,343.50,231.50
336.00,160.00,79.00,79.00,375.50,199.50
320.00,144.00,79.00,79.00,359.50,183.50
288.00,144.00,79.00,79.00,327.50,183.50
272.00,144.00,79.00,79.00,311.50,183.50
240.00,144.00,79.00,79.00,279.50,183.50
224.00,256.00,79.00,79.00,263.50,295.50
208.00,256.00,79.00,79.00,247.50,295.50
192.00,272.00,79.00,79.00,231.50,311.50
176.00,288.00,79.00,79.00,215.50,327.50
176.00,288.00,79.00,79.00,215.50,327.50
192.00,272.00,79.00,79.00,231.50,311.50
224.00,272.00,79.00,79.00,263.50,311.50
240.00,256.00,79.00,79.00,279.50,295.50
256.00,272.00,79.00,79.00,295.50,311.50
272.00,288.00,79.00,79.00,311.50,327.50
256.00,288.00,79.00,79.00,295.50,327.50
256.00,272.00,79.00,79.00,295.50,311.50
256.00,304.00,79.00,79.00,295.50,343.50
240.00,288.00,79.00,79.00,279.50,327.50
240.00,304.00,79.00,79.00,279.50,343.50
208.00,288.00,79.00,79.00,247.50,327.50
192.00,304.00,79.00,79.00,231.50,343.50
192.00,272.00,79.00,79.00,231.50,311.50
176.00,288.00,79.00,79.00,215.50,327.50
208.00,304.00,79.00,79.00,247.50,343.50
224.00,384.00,79.00,79.00,263.50,423.50
192.00,368.00,79.00,79.00,231.50,407.50
176.00,352.00,79.00,79.00,215.50,391.50
144.00,320.00,79.00,79.00,183.50,359.50
128.00,304.00,79.00,79.00,167.50,343.50
112.00,272.00,79.00,79.00,151.50,311.50
112.00,240.00,79.00,79.00,151.50,279.50
96.00,192.00,79.00,79.00,135.50,231.50
96.00,160.00,79.00,79.00,135.50,199.50
256.00,384.00,79.00,79.00,295.50,423.50
288.00,352.00,79.00,79.00,327.50,391.50
320.00,320.00,79.00,79.00,359.50,359.50
336.00,272.00,79.00,79.00,375.50,311.50
352.00,240.00,79.00,79.00,391.50,279.50
352.00,192.00,79.00,79.00,391.50,231.50
368.00,144.00,79.00,79.00,407.50,183.50
368.00,112.00,79.00,79.00,407.50,151.50
