71,0
x,y,dx,dy,x_c,y_c
218.00,218.00,60.00,60.00,248.00,248.00
206.00,218.00,60.00,60.00,236.00,248.00
194.00,218.00,60.00,60.00,224.00,248.00
230.00,218.00,60.00,60.00,260.00,248.00
243.00,218.00,60.00,60.00,273.00,248.00
218.00,194.00,60.00,60.00,248.00,224.00
218.00,182.00,60.00,60.00,248.00,212.00
218.00,158.00,60.00,60.00,248.00,188.00
218.00,146.00,60.00,60.00,248.00,176.00
182.00,146.00,60.00,60.00,212.00,176.00
182.00,146.00,60.00,60.00,212.00,176.00
182.00,146.00,60.00,60.00,212.00,176.00
170.00,146.00,60.00,60.00,200.00,176.00
158.00,146.00,60.00,60.00,188.00,176.00
146.00,146.00,60.00,60.00,176.00,176.00
109.00,133.00,60.00,60.00,139.00,163.00
121.00,121.00,60.00,60.00,151.00,151.00
146.00,109.00,60.00,60.00,176.00,139.00
170.00,121.00,60.00,60.00,200.00,151.00
194.00,121.00,60.00,60.00,224.00,151.00
243.00,146.00,60.00,60.00,273.00,176.00
255.00,146.00,60.00,60.00,285.00,176.00
267.00,146.00,60.00,60.00,297.00,176.00
255.00,146.00,60.00,60.00,285.00,176.00
267.00,146.00,60.00,60.00,297.00,176.00
279.00,146.00,60.00,60.00,309.00,176.00
303.00,121.00,60.00,60.00,333.00,151.00
291.00,121.00,60.00,60.00,321.00,151.00
267.00,121.00,60.00,60.00,297.00,151.00
255.00,121.00,60.00,60.00,285.00,151.00
230.00,121.00,60.00,60.00,260.00,151.00
218.00,230.00,60.00,60.00,248.00,260.00
206.00,230.00,60.00,60.00,236.00,260.00
194.00,230.00,60.00,60.00,224.00,260.00
182.00,255.00,60.00,60.00,212.00,285.00
182.00,243.00,60.00,60.00,212.00,273.00
194.00,243.00,60.00,60.00,224.00,273.00
218.00,243.00,60.00,60.00,248.00,273.00
243.00,218.00,60.00,60.00,273.00,248.00
255.00,230.00,60.00,60.00,285.00,260.00
255.00,243.00,60.00,60.00,285.00,273.00
255.00,230.00,60.00,60.00,285.00,260.00
255.00,230.00,60.00,60.00,285.00,260.00
243.00,255.00,60.00,60.00,273.00,285.00
218.00,243.00,60.00,60.00,248.00,273.00
218.00,267.00,60.00,60.00,248.00,297.00
194.00,255.00,60.00,60.00,224.00,285.00
170.00,267.00,60.00,60.00,200.00,297.00
170.00,243.00,60.00,60.00,200.00,273.00
158.00,255.00,60.00,60.00,188.00,285.00
194.00,267.00,60.00,60.00,224.00,297.00
194.00,327.00,60.00,60.00,224.00,357.00
158.00,315.00,60.00,60.00,188.00,345.00
133.00,303.00,60.00,60.00,163.00,333.00
109.00,279.00,60.00,60.00,139.00,309.00
85.00,267.00,60.00,60.00,115.00,297.00
73.00,243.00,60.00,60.00,103.00,273.00
73.00,218.00,60.00,60.00,103.00,248.00
61.00,182.00,60.00,60.00,91.00,212.00
61.00,158.00,60.00,60.00,91.00,188.00
230.00,315.00,60.00,60.00,260.00,345.00
255.00,303.00,60.00,60.00,285.00,333.00
291.00,291.00,60.00,60.00,321.00,321.00
303.00,267.00,60.00,60.00,333.00,297.00
303.00,243.00,60.00,60.00,333.00,273.00
303.00,206.00,60.00,60.00,333.00,236.00
315.00,170.00,60.00,60.00,345.00,200.00
315.00,146.00,60.00,60.00,345.00,176.00
