175,0
x,y,dx,dy,x_c,y_c
98.00,118.00,34.00,34.00,115.00,135.00
91.00,118.00,34.00,34.00,108.00,135.00
91.00,118.00,34.00,34.00,108.00,135.00
104.00,118.00,34.00,34.00,121.00,135.00
111.00,118.00,34.00,34.00,128.00,135.00
98.00,104.00,34.00,34.00,115.00,121.00
98.00,98.00,34.00,34.00,115.00,115.00
98.00,84.00,34.00,34.00,115.00,101.00
104.00,77.00,34.00,34.00,121.00,94.00
84.00,77.00,34.00,34.00,101.00,94.00
84.00,77.00,34.00,34.00,101.00,94.00
77.00,84.00,34.00,34.00,94.00,101.00
77.00,77.00,34.00,34.00,94.00,94.00
77.00,77.00,34.00,34.00,94.00,94.00
70.00,84.00,34.00,34.00,87.00,101.00
56.00,70.00,34.00,34.00,73.00,87.00
63.00,63.00,34.00,34.00,80.00,80.00
70.00,56.00,34.00,34.00,87.00,73.00
84.00,63.00,34.00,34.00,101.00,80.00
91.00,63.00,34.00,34.00,108.00,80.00
125.00,84.00,34.00,34.00,142.00,101.00
132.00,84.00,34.00,34.00,149.00,101.00
132.00,84.00,34.00,34.00,149.00,101.00
132.00,77.00,34.00,34.00,149.00,94.00
132.00,77.00,34.00,34.00,149.00,94.00
139.00,84.00,34.00,34.00,156.00,101.00
153.00,70.00,34.00,34.00,170.00,87.00
146.00,63.00,34.00,34.00,163.00,80.00
132.00,63.00,34.00,34.00,149.00,80.00
125.00,63.00,34.00,34.00,142.00,80.00
111.00,63.00,34.00,34.00,128.00,80.00
98.00,125.00,34.00,34.00,115.00,142.00
91.00,125.00,34.00,34.00,108.00,142.00
77.00,125.00,34.00,34.00,94.00,142.00
70.00,132.00,34.00,34.00,87.00,149.00
77.00,132.00,34.00,34.00,94.00,149.00
84.00,132.00,34.00,34.00,101.00,149.00
98.00,132.00,34.00,34.00,115.00,149.00
111.00,125.00,34.00,34.00,128.00,142.00
118.00,132.00,34.00,34.00,135.00,149.00
125.00,132.00,34.00,34.00,142.00,149.00
118.00,132.00,34.00,34.00,135.00,149.00
118.00,132.00,34.00,34.00,135.00,149.00
125.00,146.00,34.00,34.00,142.00,163.00
118.00,139.00,34.00,34.00,135.00,156.00
118.00,146.00,34.00,34.00,135.00,163.00
104.00,139.00,34.00,34.00,121.00,156.00
84.00,146.00,34.00,34.00,101.00,163.00
84.00,132.00,34.00,34.00,101.00,149.00
77.00,139.00,34.00,34.00,94.00,156.00
111.00,146.00,34.00,34.00,128.00,163.00
111.00,181.00,34.00,34.00,128.00,198.00
98.00,174.00,34.00,34.00,115.00,191.00
84.00,160.00,34.00,34.00,101.00,177.00
70.00,146.00,34.00,34.00,87.00,163.00
63.00,132.00,34.00,34.00,80.00,149.00
56.00,111.00,34.00,34.00,73.00,128.00
49.00,98.00,34.00,34.00,66.00,115.00
42.00,77.00,34.00,34.00,59.00,94.00
42.00,63.00,34.00,34.00,59.00,80.00
125.00,174.00,34.00,34.00,142.00,191.00
139.00,167.00,34.00,34.00,156.00,184.00
153.00,160.00,34.00,34.00,170.00,177.00
160.00,139.00,34.00,34.00,177.00,156.00
160.00,118.00,34.00,34.00,177.00,135.00
167.00,98.00,34.00,34.00,184.00,115.00
174.00,77.00,34.00,34.00,191.00,94.00
174.00,63.00,34.00,34.00,191.00,80.00
