44,0
x,y,dx,dy,x_c,y_c
258.76,319.90,75.34,75.34,296.43,357.57
243.48,319.90,75.34,75.34,281.14,357.57
228.19,304.62,75.34,75.34,265.86,342.28
274.05,319.90,75.34,75.34,311.71,357.57
289.33,319.90,75.34,75.34,327.00,357.57
258.76,289.33,75.34,75.34,296.43,327.00
258.76,258.76,75.34,75.34,296.43,296.43
258.76,228.19,75.34,75.34,296.43,265.86
258.76,212.90,75.34,75.34,296.43,250.57
212.90,212.90,75.34,75.34,250.57,250.57
212.90,212.90,75.34,75.34,250.57,250.57
197.62,212.90,75.34,75.34,235.29,250.57
197.62,197.62,75.34,75.34,235.29,235.29
197.62,197.62,75.34,75.34,235.29,235.29
182.33,212.90,75.34,75.34,220.00,250.57
136.48,182.33,75.34,75.34,174.14,220.00
151.76,167.05,75.34,75.34,189.43,204.72
167.05,167.05,75.34,75.34,204.72,204.72
197.62,167.05,75.34,75.34,235.29,204.72
228.19,182.33,75.34,75.34,265.86,220.00
304.62,212.90,75.34,75.34,342.28,250.57
319.90,212.90,75.34,75.34,357.57,250.57
334.10,212.90,75.34,75.34,371.76,250.57
304.62,212.90,75.34,75.34,342.28,250.57
319.90,212.90,75.34,75.34,357.57,250.57
334.10,212.90,75.34,75.34,371.76,250.57
364.67,197.62,75.34,75.34,402.33,235.29
349.38,197.62,75.34,75.34,387.05,235.29
334.10,197.62,75.34,75.34,371.76,235.29
319.90,197.62,75.34,75.34,357.57,235.29
289.33,182.33,75.34,75.34,327.00,220.00
258.76,334.10,75.34,75.34,296.43,371.76
228.19,319.90,75.34,75.34,265.86,357.57
197.62,319.90,75.34,75.34,235.29,357.57
182.33,334.10,75.34,75.34,220.00,371.76
197.62,349.38,75.34,75.34,235.29,387.05
212.90,334.10,75.34,75.34,250.57,371.76
258.76,349.38,75.34,75.34,296.43,387.05
289.33,319.90,75.34,75.34,327.00,357.57
319.90,334.10,75.34,75.34,357.57,371.76
334.10,334.10,75.34,75.34,371.76,371.76
319.90,334.10,75.34,75.34,357.57,371.76
304.62,334.10,75.34,75.34,342.28,371.76
319.90,349.38,75.34,75.34,357.57,387.05
304.62,334.10,75.34,75.34,342.28,371.76
304.62,364.67,75.34,75.34,342.28,402.33
274.05,349.38,75.34,75.34,311.71,387.05
243.48,364.67,75.34,75.34,281.14,402.33
243.48,334.10,75.34,75.34,281.14,371.76
228.19,349.38,75.34,75.34,265.86,387.05
274.05,364.67,75.34,75.34,311.71,402.33
274.05,441.09,75.34,75.34,311.71,478.76
228.19,425.81,75.34,75.34,265.86,463.48
197.62,395.24,75.34,75.34,235.29,432.91
167.05,364.67,75.34,75.34,204.72,402.33
151.76,334.10,75.34,75.34,189.43,371.76
136.48,289.33,75.34,75.34,174.14,327.00
121.19,258.76,75.34,75.34,158.86,296.43
107.00,212.90,75.34,75.34,144.67,250.57
107.00,182.33,75.34,75.34,144.67,220.00
304.62,425.81,75.34,75.34,342.28,463.48
334.10,395.24,75.34,75.34,371.76,432.91
349.38,364.67,75.34,75.34,387.05,402.33
364.67,319.90,75.34,75.34,402.33,357.57
364.67,289.33,75.34,75.34,402.33,327.00
379.95,243.48,75.34,75.34,417.62,281.14
395.24,197.62,75.34,75.34,432.91,235.29
395.24,167.05,75.34,75.34,432.91,204.72
