144,30
x,y,dx,dy,x_c,y_c
243.48,289.33,75.34,75.34,281.14,327.00
243.48,289.33,75.34,75.34,281.14,327.00
228.19,289.33,75.34,75.34,265.86,327.00
243.48,289.33,75.34,75.34,281.14,327.00
258.76,289.33,75.34,75.34,296.43,327.00
228.19,258.76,75.34,75.34,265.86,296.43
228.19,243.48,75.34,75.34,265.86,281.14
228.19,212.90,75.34,75.34,265.86,250.57
228.19,197.62,75.34,75.34,265.86,235.29
197.62,197.62,75.34,75.34,235.29,235.29
197.62,212.90,75.34,75.34,235.29,250.57
182.33,212.90,75.34,75.34,220.00,250.57
182.33,197.62,75.34,75.34,220.00,235.29
182.33,197.62,75.34,75.34,220.00,235.29
182.33,197.62,75.34,75.34,220.00,235.29
167.05,151.76,75.34,75.34,204.72,189.43
167.05,151.76,75.34,75.34,204.72,189.43
182.33,151.76,75.34,75.34,220.00,189.43
197.62,167.05,75.34,75.34,235.29,204.72
212.90,167.05,75.34,75.34,250.57,204.72
274.05,197.62,75.34,75.34,311.71,235.29
289.33,212.90,75.34,75.34,327.00,250.57
289.33,212.90,75.34,75.34,327.00,250.57
289.33,197.62,75.34,75.34,327.00,235.29
304.62,197.62,75.34,75.34,342.28,235.29
319.90,197.62,75.34,75.34,357.57,235.29
364.67,167.05,75.34,75.34,402.33,204.72
334.10,167.05,75.34,75.34,371.76,204.72
304.62,151.76,75.34,75.34,342.28,189.43
274.05,151.76,75.34,75.34,311.71,189.43
243.48,167.05,75.34,75.34,281.14,204.72
228.19,304.62,75.34,75.34,265.86,342.28
212.90,304.62,75.34,75.34,250.57,342.28
197.62,304.62,75.34,75.34,235.29,342.28
197.62,319.90,75.34,75.34,235.29,357.57
197.62,319.90,75.34,75.34,235.29,357.57
212.90,304.62,75.34,75.34,250.57,342.28
228.19,304.62,75.34,75.34,265.86,342.28
258.76,304.62,75.34,75.34,296.43,342.28
289.33,304.62,75.34,75.34,327.00,342.28
304.62,304.62,75.34,75.34,342.28,342.28
274.05,304.62,75.34,75.34,311.71,342.28
258.76,304.62,75.34,75.34,296.43,342.28
289.33,334.10,75.34,75.34,327.00,371.76
258.76,319.90,75.34,75.34,296.43,357.57
258.76,349.38,75.34,75.34,296.43,387.05
228.19,319.90,75.34,75.34,265.86,357.57
197.62,334.10,75.34,75.34,235.29,371.76
212.90,319.90,75.34,75.34,250.57,357.57
197.62,334.10,75.34,75.34,235.29,371.76
228.19,349.38,75.34,75.34,265.86,387.05
228.19,425.81,75.34,75.34,265.86,463.48
212.90,410.52,75.34,75.34,250.57,448.19
197.62,379.95,75.34,75.34,235.29,417.62
197.62,364.67,75.34,75.34,235.29,402.33
182.33,334.10,75.34,75.34,220.00,371.76
182.33,304.62,75.34,75.34,220.00,342.28
182.33,289.33,75.34,75.34,220.00,327.00
182.33,258.76,75.34,75.34,220.00,296.43
182.33,243.48,75.34,75.34,220.00,281.14
274.05,410.52,75.34,75.34,311.71,448.19
319.90,395.24,75.34,75.34,357.57,432.91
349.38,395.24,75.34,75.34,387.05,432.91
379.95,364.67,75.34,75.34,417.62,402.33
395.24,334.10,75.34,75.34,432.91,371.76
410.52,304.62,75.34,75.34,448.19,342.28
425.81,258.76,75.34,75.34,463.48,296.43
441.09,228.19,75.34,75.34,478.76,265.86
