173,0
x,y,dx,dy,x_c,y_c
147.00,184.00,45.00,45.00,169.50,206.50
138.00,184.00,45.00,45.00,160.50,206.50
129.00,184.00,45.00,45.00,151.50,206.50
156.00,184.00,45.00,45.00,178.50,206.50
165.00,184.00,45.00,45.00,187.50,206.50
147.00,165.00,45.00,45.00,169.50,187.50
147.00,156.00,45.00,45.00,169.50,178.50
147.00,138.00,45.00,45.00,169.50,160.50
147.00,129.00,45.00,45.00,169.50,151.50
129.00,119.00,45.00,45.00,151.50,141.50
119.00,119.00,45.00,45.00,141.50,141.50
110.00,119.00,45.00,45.00,132.50,141.50
119.00,110.00,45.00,45.00,141.50,132.50
110.00,110.00,45.00,45.00,132.50,132.50
101.00,119.00,45.00,45.00,123.50,141.50
74.00,101.00,45.00,45.00,96.50,123.50
83.00,92.00,45.00,45.00,105.50,114.50
92.00,83.00,45.00,45.00,114.50,105.50
110.00,92.00,45.00,45.00,132.50,114.50
119.00,92.00,45.00,45.00,141.50,114.50
175.00,129.00,45.00,45.00,197.50,151.50
184.00,129.00,45.00,45.00,206.50,151.50
184.00,129.00,45.00,45.00,206.50,151.50
184.00,119.00,45.00,45.00,206.50,141.50
193.00,119.00,45.00,45.00,215.50,141.50
202.00,119.00,45.00,45.00,224.50,141.50
230.00,101.00,45.00,45.00,252.50,123.50
221.00,101.00,45.00,45.00,243.50,123.50
202.00,101.00,45.00,45.00,224.50,123.50
184.00,101.00,45.00,45.00,206.50,123.50
165.00,101.00,45.00,45.00,187.50,123.50
147.00,202.00,45.00,45.00,169.50,224.50
138.00,193.00,45.00,45.00,160.50,215.50
119.00,193.00,45.00,45.00,141.50,215.50
110.00,202.00,45.00,45.00,132.50,224.50
110.00,202.00,45.00,45.00,132.50,224.50
129.00,202.00,45.00,45.00,151.50,224.50
147.00,211.00,45.00,45.00,169.50,233.50
165.00,193.00,45.00,45.00,187.50,215.50
184.00,202.00,45.00,45.00,206.50,224.50
193.00,211.00,45.00,45.00,215.50,233.50
184.00,202.00,45.00,45.00,206.50,224.50
175.00,202.00,45.00,45.00,197.50,224.50
184.00,239.00,45.00,45.00,206.50,261.50
175.00,239.00,45.00,45.00,197.50,261.50
175.00,257.00,45.00,45.00,197.50,279.50
156.00,248.00,45.00,45.00,178.50,270.50
138.00,257.00,45.00,45.00,160.50,279.50
138.00,239.00,45.00,45.00,160.50,261.50
129.00,239.00,45.00,45.00,151.50,261.50
156.00,257.00,45.00,45.00,178.50,279.50
165.00,303.00,45.00,45.00,187.50,325.50
138.00,294.00,45.00,45.00,160.50,316.50
119.00,276.00,45.00,45.00,141.50,298.50
101.00,257.00,45.00,45.00,123.50,279.50
83.00,239.00,45.00,45.00,105.50,261.50
74.00,211.00,45.00,45.00,96.50,233.50
74.00,193.00,45.00,45.00,96.50,215.50
64.00,165.00,45.00,45.00,86.50,187.50
64.00,138.00,45.00,45.00,86.50,160.50
184.00,294.00,45.00,45.00,206.50,316.50
202.00,276.00,45.00,45.00,224.50,298.50
221.00,257.00,45.00,45.00,243.50,279.50
230.00,221.00,45.00,45.00,252.50,243.50
239.00,202.00,45.00,45.00,261.50,224.50
248.00,175.00,45.00,45.00,270.50,197.50
257.00,147.00,45.00,45.00,279.50,169.50
257.00,119.00,45.00,45.00,279.50,141.50
