65,0
x,y,dx,dy,x_c,y_c
258.55,273.82,75.27,75.27,296.18,311.45
243.27,273.82,75.27,75.27,280.91,311.45
228.00,273.82,75.27,75.27,265.64,311.45
273.82,273.82,75.27,75.27,311.45,311.45
289.09,273.82,75.27,75.27,326.73,311.45
258.55,243.27,75.27,75.27,296.18,280.91
258.55,228.00,75.27,75.27,296.18,265.64
258.55,197.45,75.27,75.27,296.18,235.09
258.55,182.18,75.27,75.27,296.18,219.82
212.73,182.18,75.27,75.27,250.36,219.82
212.73,182.18,75.27,75.27,250.36,219.82
212.73,182.18,75.27,75.27,250.36,219.82
197.45,182.18,75.27,75.27,235.09,219.82
182.18,182.18,75.27,75.27,219.82,219.82
166.91,182.18,75.27,75.27,204.55,219.82
136.36,151.64,75.27,75.27,174.00,189.27
151.64,121.09,75.27,75.27,189.27,158.73
182.18,106.91,75.27,75.27,219.82,144.55
212.73,106.91,75.27,75.27,250.36,144.55
243.27,106.91,75.27,75.27,280.91,144.55
304.36,182.18,75.27,75.27,342.00,219.82
319.64,182.18,75.27,75.27,357.27,219.82
333.82,182.18,75.27,75.27,371.45,219.82
319.64,182.18,75.27,75.27,357.27,219.82
333.82,182.18,75.27,75.27,371.45,219.82
349.09,182.18,75.27,75.27,386.73,219.82
379.64,166.91,75.27,75.27,417.27,204.55
364.36,166.91,75.27,75.27,402.00,204.55
349.09,166.91,75.27,75.27,386.73,204.55
333.82,166.91,75.27,75.27,371.45,204.55
304.36,166.91,75.27,75.27,342.00,204.55
258.55,304.36,75.27,75.27,296.18,342.00
243.27,304.36,75.27,75.27,280.91,342.00
228.00,304.36,75.27,75.27,265.64,342.00
212.73,319.64,75.27,75.27,250.36,357.27
212.73,319.64,75.27,75.27,250.36,357.27
243.27,304.36,75.27,75.27,280.91,342.00
258.55,319.64,75.27,75.27,296.18,357.27
289.09,289.09,75.27,75.27,326.73,326.73
304.36,304.36,75.27,75.27,342.00,342.00
319.64,319.64,75.27,75.27,357.27,357.27
304.36,304.36,75.27,75.27,342.00,342.00
304.36,304.36,75.27,75.27,342.00,342.00
304.36,364.36,75.27,75.27,342.00,402.00
289.09,364.36,75.27,75.27,326.73,402.00
289.09,394.91,75.27,75.27,326.73,432.55
258.55,379.64,75.27,75.27,296.18,417.27
243.27,394.91,75.27,75.27,280.91,432.55
243.27,364.36,75.27,75.27,280.91,402.00
228.00,364.36,75.27,75.27,265.64,402.00
258.55,394.91,75.27,75.27,296.18,432.55
258.55,471.27,75.27,75.27,296.18,508.91
228.00,456.00,75.27,75.27,265.64,493.64
212.73,425.45,75.27,75.27,250.36,463.09
182.18,394.91,75.27,75.27,219.82,432.55
166.91,364.36,75.27,75.27,204.55,402.00
151.64,319.64,75.27,75.27,189.27,357.27
136.36,289.09,75.27,75.27,174.00,326.73
121.09,243.27,75.27,75.27,158.73,280.91
121.09,197.45,75.27,75.27,158.73,235.09
289.09,456.00,75.27,75.27,326.73,493.64
319.64,425.45,75.27,75.27,357.27,463.09
349.09,410.18,75.27,75.27,386.73,447.82
364.36,364.36,75.27,75.27,402.00,402.00
379.64,333.82,75.27,75.27,417.27,371.45
394.91,304.36,75.27,75.27,432.55,342.00
410.18,258.55,75.27,75.27,447.82,296.18
410.18,228.00,75.27,75.27,447.82,265.64
