66,0
x,y,dx,dy,x_c,y_c
258.55,289.09,75.27,75.27,296.18,326.73
243.27,289.09,75.27,75.27,280.91,326.73
228.00,289.09,75.27,75.27,265.64,326.73
273.82,304.36,75.27,75.27,311.45,342.00
289.09,304.36,75.27,75.27,326.73,342.00
258.55,258.55,75.27,75.27,296.18,296.18
258.55,243.27,75.27,75.27,296.18,280.91
258.55,212.73,75.27,75.27,296.18,250.36
258.55,197.45,75.27,75.27,296.18,235.09
228.00,212.73,75.27,75.27,265.64,250.36
212.73,212.73,75.27,75.27,250.36,250.36
197.45,228.00,75.27,75.27,235.09,265.64
212.73,212.73,75.27,75.27,250.36,250.36
212.73,228.00,75.27,75.27,250.36,265.64
197.45,243.27,75.27,75.27,235.09,280.91
151.64,212.73,75.27,75.27,189.27,250.36
166.91,197.45,75.27,75.27,204.55,235.09
182.18,182.18,75.27,75.27,219.82,219.82
197.45,166.91,75.27,75.27,235.09,204.55
228.00,166.91,75.27,75.27,265.64,204.55
304.36,212.73,75.27,75.27,342.00,250.36
319.64,228.00,75.27,75.27,357.27,265.64
333.82,228.00,75.27,75.27,371.45,265.64
319.64,212.73,75.27,75.27,357.27,250.36
333.82,212.73,75.27,75.27,371.45,250.36
349.09,228.00,75.27,75.27,386.73,265.64
379.64,197.45,75.27,75.27,417.27,235.09
364.36,197.45,75.27,75.27,402.00,235.09
333.82,197.45,75.27,75.27,371.45,235.09
319.64,197.45,75.27,75.27,357.27,235.09
289.09,212.73,75.27,75.27,326.73,250.36
258.55,319.64,75.27,75.27,296.18,357.27
228.00,304.36,75.27,75.27,265.64,342.00
197.45,319.64,75.27,75.27,235.09,357.27
182.18,333.82,75.27,75.27,219.82,371.45
182.18,333.82,75.27,75.27,219.82,371.45
228.00,319.64,75.27,75.27,265.64,357.27
258.55,333.82,75.27,75.27,296.18,371.45
289.09,319.64,75.27,75.27,326.73,357.27
304.36,333.82,75.27,75.27,342.00,371.45
319.64,333.82,75.27,75.27,357.27,371.45
304.36,333.82,75.27,75.27,342.00,371.45
304.36,333.82,75.27,75.27,342.00,371.45
304.36,364.36,75.27,75.27,342.00,402.00
273.82,349.09,75.27,75.27,311.45,386.73
273.82,379.64,75.27,75.27,311.45,417.27
228.00,364.36,75.27,75.27,265.64,402.00
197.45,379.64,75.27,75.27,235.09,417.27
197.45,349.09,75.27,75.27,235.09,386.73
182.18,349.09,75.27,75.27,219.82,386.73
228.00,394.91,75.27,75.27,265.64,432.55
243.27,471.27,75.27,75.27,280.91,508.91
212.73,456.00,75.27,75.27,250.36,493.64
182.18,440.73,75.27,75.27,219.82,478.36
151.64,410.18,75.27,75.27,189.27,447.82
136.36,379.64,75.27,75.27,174.00,417.27
121.09,333.82,75.27,75.27,158.73,371.45
121.09,289.09,75.27,75.27,158.73,326.73
121.09,243.27,75.27,75.27,158.73,280.91
121.09,197.45,75.27,75.27,158.73,235.09
273.82,471.27,75.27,75.27,311.45,508.91
304.36,440.73,75.27,75.27,342.00,478.36
333.82,410.18,75.27,75.27,371.45,447.82
349.09,364.36,75.27,75.27,386.73,402.00
379.64,333.82,75.27,75.27,417.27,371.45
394.91,304.36,75.27,75.27,432.55,342.00
410.18,258.55,75.27,75.27,447.82,296.18
410.18,212.73,75.27,75.27,447.82,250.36
