79,0
x,y,dx,dy,x_c,y_c
148.00,169.00,52.00,52.00,174.00,195.00
137.00,169.00,52.00,52.00,163.00,195.00
137.00,158.00,52.00,52.00,163.00,184.00
158.00,158.00,52.00,52.00,184.00,184.00
169.00,158.00,52.00,52.00,195.00,184.00
148.00,148.00,52.00,52.00,174.00,174.00
148.00,137.00,52.00,52.00,174.00,163.00
148.00,116.00,52.00,52.00,174.00,142.00
148.00,106.00,52.00,52.00,174.00,132.00
116.00,106.00,52.00,52.00,142.00,132.00
116.00,106.00,52.00,52.00,142.00,132.00
116.00,106.00,52.00,52.00,142.00,132.00
106.00,95.00,52.00,52.00,132.00,121.00
106.00,95.00,52.00,52.00,132.00,121.00
95.00,106.00,52.00,52.00,121.00,132.00
74.00,95.00,52.00,52.00,100.00,121.00
84.00,84.00,52.00,52.00,110.00,110.00
95.00,74.00,52.00,52.00,121.00,100.00
116.00,84.00,52.00,52.00,142.00,110.00
127.00,84.00,52.00,52.00,153.00,110.00
169.00,106.00,52.00,52.00,195.00,132.00
179.00,106.00,52.00,52.00,205.00,132.00
179.00,106.00,52.00,52.00,205.00,132.00
179.00,106.00,52.00,52.00,205.00,132.00
179.00,106.00,52.00,52.00,205.00,132.00
190.00,106.00,52.00,52.00,216.00,132.00
211.00,84.00,52.00,52.00,237.00,110.00
201.00,84.00,52.00,52.00,227.00,110.00
190.00,84.00,52.00,52.00,216.00,110.00
179.00,84.00,52.00,52.00,205.00,110.00
158.00,84.00,52.00,52.00,184.00,110.00
148.00,179.00,52.00,52.00,174.00,205.00
137.00,179.00,52.00,52.00,163.00,205.00
127.00,190.00,52.00,52.00,153.00,216.00
116.00,211.00,52.00,52.00,142.00,237.00
116.00,211.00,52.00,52.00,142.00,237.00
127.00,179.00,52.00,52.00,153.00,205.00
137.00,190.00,52.00,52.00,163.00,216.00
169.00,169.00,52.00,52.00,195.00,195.00
179.00,169.00,52.00,52.00,205.00,195.00
179.00,179.00,52.00,52.00,205.00,205.00
179.00,179.00,52.00,52.00,205.00,205.00
179.00,179.00,52.00,52.00,205.00,205.00
169.00,190.00,52.00,52.00,195.00,216.00
158.00,179.00,52.00,52.00,184.00,205.00
158.00,201.00,52.00,52.00,184.00,227.00
137.00,190.00,52.00,52.00,163.00,216.00
106.00,201.00,52.00,52.00,132.00,227.00
106.00,179.00,52.00,52.00,132.00,205.00
95.00,190.00,52.00,52.00,121.00,216.00
137.00,201.00,52.00,52.00,163.00,227.00
137.00,243.00,52.00,52.00,163.00,269.00
106.00,243.00,52.00,52.00,132.00,269.00
84.00,232.00,52.00,52.00,110.00,258.00
63.00,222.00,52.00,52.00,89.00,248.00
53.00,201.00,52.00,52.00,79.00,227.00
42.00,169.00,52.00,52.00,68.00,195.00
42.00,148.00,52.00,52.00,68.00,174.00
42.00,116.00,52.00,52.00,68.00,142.00
42.00,84.00,52.00,52.00,68.00,110.00
158.00,232.00,52.00,52.00,184.00,258.00
179.00,211.00,52.00,52.00,205.00,237.00
190.00,201.00,52.00,52.00,216.00,227.00
201.00,169.00,52.00,52.00,227.00,195.00
211.00,137.00,52.00,52.00,237.00,163.00
222.00,116.00,52.00,52.00,248.00,142.00
222.00,84.00,52.00,52.00,248.00,110.00
222.00,63.00,52.00,52.00,248.00,89.00
