105,15
x,y,dx,dy,x_c,y_c
242.73,312.09,85.61,85.61,285.54,354.89
225.40,312.09,85.61,85.61,268.20,354.89
208.06,294.75,85.61,85.61,250.86,337.55
260.07,294.75,85.61,85.61,302.88,337.55
277.41,294.75,85.61,85.61,320.21,337.55
225.40,260.07,85.61,85.61,268.20,302.88
225.40,242.73,85.61,85.61,268.20,285.54
225.40,225.40,85.61,85.61,268.20,268.20
225.40,190.72,85.61,85.61,268.20,233.52
190.72,190.72,85.61,85.61,233.52,233.52
173.38,190.72,85.61,85.61,216.19,233.52
156.04,190.72,85.61,85.61,198.85,233.52
173.38,173.38,85.61,85.61,216.19,216.19
173.38,173.38,85.61,85.61,216.19,216.19
156.04,190.72,85.61,85.61,198.85,233.52
121.37,156.04,85.61,85.61,164.17,198.85
138.71,138.71,85.61,85.61,181.51,181.51
156.04,138.71,85.61,85.61,198.85,181.51
173.38,138.71,85.61,85.61,216.19,181.51
190.72,138.71,85.61,85.61,233.52,181.51
294.75,190.72,85.61,85.61,337.55,233.52
312.09,190.72,85.61,85.61,354.89,233.52
329.43,190.72,85.61,85.61,372.23,233.52
312.09,190.72,85.61,85.61,354.89,233.52
312.09,190.72,85.61,85.61,354.89,233.52
329.43,208.06,85.61,85.61,372.23,250.86
381.44,173.38,85.61,85.61,424.24,216.19
364.10,156.04,85.61,85.61,406.91,198.85
329.43,138.71,85.61,85.61,372.23,181.51
312.09,138.71,85.61,85.61,354.89,181.51
277.41,156.04,85.61,85.61,320.21,198.85
242.73,329.43,85.61,85.61,285.54,372.23
225.40,329.43,85.61,85.61,268.20,372.23
208.06,329.43,85.61,85.61,250.86,372.23
173.38,346.76,85.61,85.61,216.19,389.57
225.40,346.76,85.61,85.61,268.20,389.57
225.40,346.76,85.61,85.61,268.20,389.57
242.73,346.76,85.61,85.61,285.54,389.57
277.41,329.43,85.61,85.61,320.21,372.23
294.75,329.43,85.61,85.61,337.55,372.23
312.09,346.76,85.61,85.61,354.89,389.57
294.75,346.76,85.61,85.61,337.55,389.57
277.41,346.76,85.61,85.61,320.21,389.57
294.75,364.10,85.61,85.61,337.55,406.91
260.07,346.76,85.61,85.61,302.88,389.57
260.07,364.10,85.61,85.61,302.88,406.91
225.40,346.76,85.61,85.61,268.20,389.57
190.72,364.10,85.61,85.61,233.52,406.91
190.72,329.43,85.61,85.61,233.52,372.23
173.38,364.10,85.61,85.61,216.19,406.91
225.40,364.10,85.61,85.61,268.20,406.91
225.40,450.79,85.61,85.61,268.20,493.60
190.72,433.45,85.61,85.61,233.52,476.26
173.38,416.12,85.61,85.61,216.19,458.92
156.04,381.44,85.61,85.61,198.85,424.24
138.71,364.10,85.61,85.61,181.51,406.91
121.37,329.43,85.61,85.61,164.17,372.23
104.03,294.75,85.61,85.61,146.83,337.55
104.03,260.07,85.61,85.61,146.83,302.88
104.03,225.40,85.61,85.61,146.83,268.20
277.41,433.45,85.61,85.61,320.21,476.26
312.09,416.12,85.61,85.61,354.89,458.92
364.10,398.78,85.61,85.61,406.91,441.58
381.44,381.44,85.61,85.61,424.24,424.24
416.12,346.76,85.61,85.61,458.92,389.57
416.12,294.75,85.61,85.61,458.92,337.55
433.45,242.73,85.61,85.61,476.26,285.54
433.45,208.06,85.61,85.61,476.26,250.86
