108,45
x,y,dx,dy,x_c,y_c
203.51,291.17,72.01,72.01,239.51,327.18
203.51,291.17,72.01,72.01,239.51,327.18
188.90,291.17,72.01,72.01,224.90,327.18
218.12,291.17,72.01,72.01,254.13,327.18
232.73,291.17,72.01,72.01,268.74,327.18
174.29,261.95,72.01,72.01,210.29,297.96
188.90,232.73,72.01,72.01,224.90,268.74
203.51,203.51,72.01,72.01,239.51,239.51
203.51,188.90,72.01,72.01,239.51,224.90
174.29,188.90,72.01,72.01,210.29,224.90
159.68,188.90,72.01,72.01,195.68,224.90
159.68,203.51,72.01,72.01,195.68,239.51
159.68,188.90,72.01,72.01,195.68,224.90
159.68,188.90,72.01,72.01,195.68,224.90
159.68,188.90,72.01,72.01,195.68,224.90
145.07,145.07,72.01,72.01,181.07,181.07
145.07,145.07,72.01,72.01,181.07,181.07
145.07,130.45,72.01,72.01,181.07,166.46
145.07,145.07,72.01,72.01,181.07,181.07
159.68,145.07,72.01,72.01,195.68,181.07
247.34,188.90,72.01,72.01,283.35,224.90
261.95,188.90,72.01,72.01,297.96,224.90
276.56,188.90,72.01,72.01,312.57,224.90
261.95,174.29,72.01,72.01,297.96,210.29
276.56,174.29,72.01,72.01,312.57,210.29
291.17,188.90,72.01,72.01,327.18,224.90
333.96,159.68,72.01,72.01,369.97,195.68
305.79,145.07,72.01,72.01,341.79,181.07
276.56,145.07,72.01,72.01,312.57,181.07
247.34,145.07,72.01,72.01,283.35,181.07
218.12,145.07,72.01,72.01,254.13,181.07
203.51,319.35,72.01,72.01,239.51,355.36
203.51,319.35,72.01,72.01,239.51,355.36
203.51,319.35,72.01,72.01,239.51,355.36
203.51,333.96,72.01,72.01,239.51,369.97
203.51,319.35,72.01,72.01,239.51,355.36
203.51,319.35,72.01,72.01,239.51,355.36
203.51,333.96,72.01,72.01,239.51,369.97
232.73,319.35,72.01,72.01,268.74,355.36
247.34,319.35,72.01,72.01,283.35,355.36
261.95,319.35,72.01,72.01,297.96,355.36
247.34,319.35,72.01,72.01,283.35,355.36
232.73,319.35,72.01,72.01,268.74,355.36
247.34,333.96,72.01,72.01,283.35,369.97
232.73,319.35,72.01,72.01,268.74,355.36
232.73,333.96,72.01,72.01,268.74,369.97
203.51,319.35,72.01,72.01,239.51,355.36
188.90,348.57,72.01,72.01,224.90,384.58
203.51,319.35,72.01,72.01,239.51,355.36
203.51,333.96,72.01,72.01,239.51,369.97
218.12,333.96,72.01,72.01,254.13,369.97
218.12,407.02,72.01,72.01,254.13,443.02
218.12,392.41,72.01,72.01,254.13,428.41
218.12,363.19,72.01,72.01,254.13,399.19
203.51,333.96,72.01,72.01,239.51,369.97
188.90,319.35,72.01,72.01,224.90,355.36
174.29,291.17,72.01,72.01,210.29,327.18
159.68,261.95,72.01,72.01,195.68,297.96
159.68,247.34,72.01,72.01,195.68,283.35
159.68,218.12,72.01,72.01,195.68,254.13
261.95,407.02,72.01,72.01,297.96,443.02
305.79,392.41,72.01,72.01,341.79,428.41
348.57,363.19,72.01,72.01,384.58,399.19
392.41,333.96,72.01,72.01,428.41,369.97
421.63,291.17,72.01,72.01,457.63,327.18
450.85,232.73,72.01,72.01,486.86,268.74
450.85,188.90,72.01,72.01,486.86,224.90
450.85,145.07,72.01,72.01,486.86,181.07
