125,0
x,y,dx,dy,x_c,y_c
272.51,308.84,89.70,89.70,317.36,353.69
272.51,308.84,89.70,89.70,317.36,353.69
254.34,308.84,89.70,89.70,299.19,353.69
290.68,308.84,89.70,89.70,335.53,353.69
308.84,308.84,89.70,89.70,353.69,353.69
272.51,272.51,89.70,89.70,317.36,317.36
272.51,254.34,89.70,89.70,317.36,299.19
272.51,218.01,89.70,89.70,317.36,262.86
272.51,218.01,89.70,89.70,317.36,262.86
218.01,236.17,89.70,89.70,262.86,281.02
218.01,236.17,89.70,89.70,262.86,281.02
199.84,236.17,89.70,89.70,244.69,281.02
199.84,236.17,89.70,89.70,244.69,281.02
199.84,236.17,89.70,89.70,244.69,281.02
181.67,236.17,89.70,89.70,226.52,281.02
127.17,199.84,89.70,89.70,172.02,244.69
145.34,181.67,89.70,89.70,190.19,226.52
163.51,163.51,89.70,89.70,208.36,208.36
199.84,181.67,89.70,89.70,244.69,226.52
236.17,181.67,89.70,89.70,281.02,226.52
327.01,218.01,89.70,89.70,371.86,262.86
345.18,218.01,89.70,89.70,390.03,262.86
363.35,218.01,89.70,89.70,408.20,262.86
345.18,218.01,89.70,89.70,390.03,262.86
363.35,218.01,89.70,89.70,408.20,262.86
381.51,218.01,89.70,89.70,426.36,262.86
417.85,181.67,89.70,89.70,462.70,226.52
399.68,163.51,89.70,89.70,444.53,208.36
363.35,163.51,89.70,89.70,408.20,208.36
327.01,163.51,89.70,89.70,371.86,208.36
290.68,163.51,89.70,89.70,335.53,208.36
272.51,345.18,89.70,89.70,317.36,390.03
254.34,345.18,89.70,89.70,299.19,390.03
236.17,363.35,89.70,89.70,281.02,408.20
218.01,399.68,89.70,89.70,262.86,444.53
236.17,381.51,89.70,89.70,281.02,426.36
254.34,363.35,89.70,89.70,299.19,408.20
272.51,363.35,89.70,89.70,317.36,408.20
308.84,327.01,89.70,89.70,353.69,371.86
327.01,345.18,89.70,89.70,371.86,390.03
345.18,345.18,89.70,89.70,390.03,390.03
327.01,345.18,89.70,89.70,371.86,390.03
308.84,345.18,89.70,89.70,353.69,390.03
345.18,363.35,89.70,89.70,390.03,408.20
327.01,345.18,89.70,89.70,371.86,390.03
327.01,381.51,89.70,89.70,371.86,426.36
290.68,363.35,89.70,89.70,335.53,408.20
272.51,381.51,89.70,89.70,317.36,426.36
272.51,345.18,89.70,89.70,317.36,390.03
254.34,345.18,89.70,89.70,299.19,390.03
290.68,381.51,89.70,89.70,335.53,426.36
290.68,490.52,89.70,89.70,335.53,535.37
236.17,454.18,89.70,89.70,281.02,499.03
199.84,417.85,89.70,89.70,244.69,462.70
163.51,381.51,89.70,89.70,208.36,426.36
127.17,345.18,89.70,89.70,172.02,390.03
109.00,290.68,89.70,89.70,153.85,335.53
109.00,254.34,89.70,89.70,153.85,299.19
90.84,199.84,89.70,89.70,135.69,244.69
90.84,145.34,89.70,89.70,135.69,190.19
327.01,472.35,89.70,89.70,371.86,517.20
363.35,436.01,89.70,89.70,408.20,480.86
399.68,399.68,89.70,89.70,444.53,444.53
417.85,345.18,89.70,89.70,462.70,390.03
436.01,290.68,89.70,89.70,480.86,335.53
436.01,254.34,89.70,89.70,480.86,299.19
454.18,199.84,89.70,89.70,499.03,244.69
454.18,145.34,89.70,89.70,499.03,190.19
