59,0
x,y,dx,dy,x_c,y_c
282.39,338.87,92.95,92.95,328.87,385.35
263.57,338.87,92.95,92.95,310.04,385.35
244.74,338.87,92.95,92.95,291.22,385.35
301.22,320.04,92.95,92.95,347.69,366.52
320.04,320.04,92.95,92.95,366.52,366.52
282.39,301.22,92.95,92.95,328.87,347.69
282.39,282.39,92.95,92.95,328.87,328.87
263.57,244.74,92.95,92.95,310.04,291.22
263.57,225.91,92.95,92.95,310.04,272.39
207.09,244.74,92.95,92.95,253.56,291.22
207.09,244.74,92.95,92.95,253.56,291.22
207.09,263.57,92.95,92.95,253.56,310.04
188.26,244.74,92.95,92.95,234.74,291.22
188.26,244.74,92.95,92.95,234.74,291.22
169.43,263.57,92.95,92.95,215.91,310.04
131.78,225.91,92.95,92.95,178.26,272.39
150.61,207.09,92.95,92.95,197.09,253.56
169.43,188.26,92.95,92.95,215.91,234.74
207.09,188.26,92.95,92.95,253.56,234.74
244.74,188.26,92.95,92.95,291.22,234.74
301.22,225.91,92.95,92.95,347.69,272.39
320.04,225.91,92.95,92.95,366.52,272.39
338.87,225.91,92.95,92.95,385.35,272.39
320.04,207.09,92.95,92.95,366.52,253.56
338.87,188.26,92.95,92.95,385.35,234.74
357.70,188.26,92.95,92.95,404.17,234.74
414.17,150.61,92.95,92.95,460.65,197.09
395.35,150.61,92.95,92.95,441.83,197.09
357.70,150.61,92.95,92.95,404.17,197.09
338.87,150.61,92.95,92.95,385.35,197.09
301.22,150.61,92.95,92.95,347.69,197.09
282.39,357.70,92.95,92.95,328.87,404.17
263.57,357.70,92.95,92.95,310.04,404.17
244.74,376.52,92.95,92.95,291.22,423.00
244.74,395.35,92.95,92.95,291.22,441.83
244.74,395.35,92.95,92.95,291.22,441.83
263.57,376.52,92.95,92.95,310.04,423.00
282.39,376.52,92.95,92.95,328.87,423.00
320.04,338.87,92.95,92.95,366.52,385.35
357.70,338.87,92.95,92.95,404.17,385.35
376.52,338.87,92.95,92.95,423.00,385.35
357.70,357.70,92.95,92.95,404.17,404.17
338.87,357.70,92.95,92.95,385.35,404.17
357.70,376.52,92.95,92.95,404.17,423.00
338.87,357.70,92.95,92.95,385.35,404.17
338.87,395.35,92.95,92.95,385.35,441.83
301.22,376.52,92.95,92.95,347.69,423.00
263.57,395.35,92.95,92.95,310.04,441.83
263.57,357.70,92.95,92.95,310.04,404.17
244.74,357.70,92.95,92.95,291.22,404.17
301.22,395.35,92.95,92.95,347.69,441.83
301.22,470.65,92.95,92.95,347.69,517.13
244.74,451.83,92.95,92.95,291.22,498.30
207.09,414.17,92.95,92.95,253.56,460.65
169.43,376.52,92.95,92.95,215.91,423.00
131.78,338.87,92.95,92.95,178.26,385.35
112.96,301.22,92.95,92.95,159.43,347.69
94.13,244.74,92.95,92.95,140.61,291.22
75.30,188.26,92.95,92.95,121.78,234.74
75.30,131.78,92.95,92.95,121.78,178.26
338.87,451.83,92.95,92.95,385.35,498.30
376.52,414.17,92.95,92.95,423.00,460.65
414.17,395.35,92.95,92.95,460.65,441.83
433.00,357.70,92.95,92.95,479.48,404.17
451.83,338.87,92.95,92.95,498.30,385.35
451.83,301.22,92.95,92.95,498.30,347.69
451.83,244.74,92.95,92.95,498.30,291.22
451.83,207.09,92.95,92.95,498.30,253.56
