88,15
x,y,dx,dy,x_c,y_c
224.00,224.00,79.00,79.00,263.50,263.50
224.00,224.00,79.00,79.00,263.50,263.50
208.00,224.00,79.00,79.00,247.50,263.50
240.00,224.00,79.00,79.00,279.50,263.50
256.00,224.00,79.00,79.00,295.50,263.50
224.00,192.00,79.00,79.00,263.50,231.50
224.00,176.00,79.00,79.00,263.50,215.50
224.00,160.00,79.00,79.00,263.50,199.50
224.00,144.00,79.00,79.00,263.50,183.50
192.00,144.00,79.00,79.00,231.50,183.50
176.00,144.00,79.00,79.00,215.50,183.50
160.00,144.00,79.00,79.00,199.50,183.50
176.00,128.00,79.00,79.00,215.50,167.50
176.00,128.00,79.00,79.00,215.50,167.50
160.00,144.00,79.00,79.00,199.50,183.50
128.00,112.00,79.00,79.00,167.50,151.50
144.00,96.00,79.00,79.00,183.50,135.50
160.00,80.00,79.00,79.00,199.50,119.50
176.00,48.00,79.00,79.00,215.50,87.50
192.00,48.00,79.00,79.00,231.50,87.50
272.00,160.00,79.00,79.00,311.50,199.50
288.00,160.00,79.00,79.00,327.50,199.50
304.00,176.00,79.00,79.00,343.50,215.50
288.00,160.00,79.00,79.00,327.50,199.50
304.00,160.00,79.00,79.00,343.50,199.50
320.00,176.00,79.00,79.00,359.50,215.50
368.00,160.00,79.00,79.00,407.50,199.50
352.00,144.00,79.00,79.00,391.50,183.50
320.00,128.00,79.00,79.00,359.50,167.50
304.00,128.00,79.00,79.00,343.50,167.50
272.00,144.00,79.00,79.00,311.50,183.50
208.00,240.00,79.00,79.00,247.50,279.50
192.00,240.00,79.00,79.00,231.50,279.50
192.00,256.00,79.00,79.00,231.50,295.50
176.00,272.00,79.00,79.00,215.50,311.50
192.00,272.00,79.00,79.00,231.50,311.50
192.00,256.00,79.00,79.00,231.50,295.50
208.00,256.00,79.00,79.00,247.50,295.50
240.00,240.00,79.00,79.00,279.50,279.50
256.00,256.00,79.00,79.00,295.50,295.50
272.00,272.00,79.00,79.00,311.50,311.50
256.00,272.00,79.00,79.00,295.50,311.50
240.00,256.00,79.00,79.00,279.50,295.50
256.00,288.00,79.00,79.00,295.50,327.50
224.00,256.00,79.00,79.00,263.50,295.50
224.00,272.00,79.00,79.00,263.50,311.50
192.00,256.00,79.00,79.00,231.50,295.50
176.00,288.00,79.00,79.00,215.50,327.50
192.00,256.00,79.00,79.00,231.50,295.50
176.00,288.00,79.00,79.00,215.50,327.50
192.00,288.00,79.00,79.00,231.50,327.50
192.00,368.00,79.00,79.00,231.50,407.50
160.00,368.00,79.00,79.00,199.50,407.50
128.00,352.00,79.00,79.00,167.50,391.50
96.00,320.00,79.00,79.00,135.50,359.50
80.00,304.00,79.00,79.00,119.50,343.50
80.00,272.00,79.00,79.00,119.50,311.50
64.00,240.00,79.00,79.00,103.50,279.50
64.00,208.00,79.00,79.00,103.50,247.50
64.00,176.00,79.00,79.00,103.50,215.50
240.00,368.00,79.00,79.00,279.50,407.50
272.00,368.00,79.00,79.00,311.50,407.50
320.00,352.00,79.00,79.00,359.50,391.50
352.00,336.00,79.00,79.00,391.50,375.50
384.00,304.00,79.00,79.00,423.50,343.50
400.00,272.00,79.00,79.00,439.50,311.50
416.00,224.00,79.00,79.00,455.50,263.50
416.00,192.00,79.00,79.00,455.50,231.50
