57,30
x,y,dx,dy,x_c,y_c
196.00,172.00,19.00,19.00,205.50,181.50
196.00,172.00,19.00,19.00,205.50,181.50
192.00,172.00,19.00,19.00,201.50,181.50
196.00,172.00,19.00,19.00,205.50,181.50
200.00,172.00,19.00,19.00,209.50,181.50
192.00,164.00,19.00,19.00,201.50,173.50
192.00,160.00,19.00,19.00,201.50,169.50
196.00,152.00,19.00,19.00,205.50,161.50
200.00,148.00,19.00,19.00,209.50,157.50
192.00,148.00,19.00,19.00,201.50,157.50
188.00,148.00,19.00,19.00,197.50,157.50
184.00,148.00,19.00,19.00,193.50,157.50
188.00,148.00,19.00,19.00,197.50,157.50
184.00,148.00,19.00,19.00,193.50,157.50
184.00,152.00,19.00,19.00,193.50,161.50
176.00,140.00,19.00,19.00,185.50,149.50
180.00,140.00,19.00,19.00,189.50,149.50
184.00,136.00,19.00,19.00,193.50,145.50
188.00,136.00,19.00,19.00,197.50,145.50
192.00,136.00,19.00,19.00,201.50,145.50
212.00,148.00,19.00,19.00,221.50,157.50
216.00,148.00,19.00,19.00,225.50,157.50
220.00,148.00,19.00,19.00,229.50,157.50
216.00,148.00,19.00,19.00,225.50,157.50
220.00,148.00,19.00,19.00,229.50,157.50
220.00,152.00,19.00,19.00,229.50,161.50
232.00,148.00,19.00,19.00,241.50,157.50
228.00,144.00,19.00,19.00,237.50,153.50
224.00,140.00,19.00,19.00,233.50,149.50
216.00,140.00,19.00,19.00,225.50,149.50
208.00,140.00,19.00,19.00,217.50,149.50
200.00,180.00,19.00,19.00,209.50,189.50
196.00,180.00,19.00,19.00,205.50,189.50
196.00,180.00,19.00,19.00,205.50,189.50
196.00,184.00,19.00,19.00,205.50,193.50
196.00,184.00,19.00,19.00,205.50,193.50
196.00,180.00,19.00,19.00,205.50,189.50
200.00,180.00,19.00,19.00,209.50,189.50
212.00,180.00,19.00,19.00,221.50,189.50
224.00,180.00,19.00,19.00,233.50,189.50
232.00,180.00,19.00,19.00,241.50,189.50
224.00,180.00,19.00,19.00,233.50,189.50
208.00,180.00,19.00,19.00,217.50,189.50
232.00,184.00,19.00,19.00,241.50,193.50
224.00,180.00,19.00,19.00,233.50,189.50
228.00,188.00,19.00,19.00,237.50,197.50
220.00,184.00,19.00,19.00,229.50,193.50
216.00,188.00,19.00,19.00,225.50,197.50
220.00,184.00,19.00,19.00,229.50,193.50
216.00,192.00,19.00,19.00,225.50,201.50
220.00,188.00,19.00,19.00,229.50,197.50
220.00,212.00,19.00,19.00,229.50,221.50
216.00,208.00,19.00,19.00,225.50,217.50
212.00,204.00,19.00,19.00,221.50,213.50
212.00,200.00,19.00,19.00,221.50,209.50
204.00,196.00,19.00,19.00,213.50,205.50
204.00,188.00,19.00,19.00,213.50,197.50
204.00,180.00,19.00,19.00,213.50,189.50
204.00,172.00,19.00,19.00,213.50,181.50
208.00,168.00,19.00,19.00,217.50,177.50
228.00,208.00,19.00,19.00,237.50,217.50
240.00,204.00,19.00,19.00,249.50,213.50
248.00,200.00,19.00,19.00,257.50,209.50
256.00,192.00,19.00,19.00,265.50,201.50
260.00,184.00,19.00,19.00,269.50,193.50
264.00,176.00,19.00,19.00,273.50,185.50
268.00,164.00,19.00,19.00,277.50,173.50
272.00,156.00,19.00,19.00,281.50,165.50
