93,0
x,y,dx,dy,x_c,y_c
243.48,304.62,75.34,75.34,281.14,342.28
228.19,304.62,75.34,75.34,265.86,342.28
228.19,304.62,75.34,75.34,265.86,342.28
258.76,304.62,75.34,75.34,296.43,342.28
274.05,304.62,75.34,75.34,311.71,342.28
243.48,274.05,75.34,75.34,281.14,311.71
243.48,243.48,75.34,75.34,281.14,281.14
243.48,212.90,75.34,75.34,281.14,250.57
243.48,197.62,75.34,75.34,281.14,235.29
197.62,197.62,75.34,75.34,235.29,235.29
182.33,197.62,75.34,75.34,220.00,235.29
167.05,197.62,75.34,75.34,204.72,235.29
182.33,182.33,75.34,75.34,220.00,220.00
167.05,182.33,75.34,75.34,204.72,220.00
151.76,197.62,75.34,75.34,189.43,235.29
121.19,167.05,75.34,75.34,158.86,204.72
136.48,151.76,75.34,75.34,174.14,189.43
151.76,136.48,75.34,75.34,189.43,174.14
182.33,136.48,75.34,75.34,220.00,174.14
212.90,136.48,75.34,75.34,250.57,174.14
289.33,197.62,75.34,75.34,327.00,235.29
304.62,197.62,75.34,75.34,342.28,235.29
319.90,197.62,75.34,75.34,357.57,235.29
304.62,182.33,75.34,75.34,342.28,220.00
319.90,182.33,75.34,75.34,357.57,220.00
334.10,182.33,75.34,75.34,371.76,220.00
379.95,151.76,75.34,75.34,417.62,189.43
364.67,151.76,75.34,75.34,402.33,189.43
334.10,151.76,75.34,75.34,371.76,189.43
319.90,151.76,75.34,75.34,357.57,189.43
289.33,167.05,75.34,75.34,327.00,204.72
243.48,319.90,75.34,75.34,281.14,357.57
228.19,319.90,75.34,75.34,265.86,357.57
228.19,334.10,75.34,75.34,265.86,371.76
212.90,349.38,75.34,75.34,250.57,387.05
228.19,349.38,75.34,75.34,265.86,387.05
228.19,334.10,75.34,75.34,265.86,371.76
243.48,334.10,75.34,75.34,281.14,371.76
274.05,319.90,75.34,75.34,311.71,357.57
289.33,334.10,75.34,75.34,327.00,371.76
304.62,334.10,75.34,75.34,342.28,371.76
289.33,334.10,75.34,75.34,327.00,371.76
274.05,334.10,75.34,75.34,311.71,371.76
304.62,364.67,75.34,75.34,342.28,402.33
289.33,349.38,75.34,75.34,327.00,387.05
289.33,364.67,75.34,75.34,327.00,402.33
258.76,349.38,75.34,75.34,296.43,387.05
243.48,364.67,75.34,75.34,281.14,402.33
243.48,334.10,75.34,75.34,281.14,371.76
228.19,349.38,75.34,75.34,265.86,387.05
258.76,364.67,75.34,75.34,296.43,402.33
274.05,425.81,75.34,75.34,311.71,463.48
243.48,410.52,75.34,75.34,281.14,448.19
212.90,379.95,75.34,75.34,250.57,417.62
182.33,349.38,75.34,75.34,220.00,387.05
151.76,319.90,75.34,75.34,189.43,357.57
136.48,289.33,75.34,75.34,174.14,327.00
121.19,258.76,75.34,75.34,158.86,296.43
107.00,212.90,75.34,75.34,144.67,250.57
107.00,182.33,75.34,75.34,144.67,220.00
319.90,410.52,75.34,75.34,357.57,448.19
364.67,395.24,75.34,75.34,402.33,432.91
410.52,379.95,75.34,75.34,448.19,417.62
425.81,334.10,75.34,75.34,463.48,371.76
441.09,319.90,75.34,75.34,478.76,357.57
441.09,289.33,75.34,75.34,478.76,327.00
441.09,243.48,75.34,75.34,478.76,281.14
441.09,212.90,75.34,75.34,478.76,250.57
