121,0
x,y,dx,dy,x_c,y_c
201.92,405.06,111.36,111.36,257.60,460.74
179.89,405.06,111.36,111.36,235.57,460.74
157.86,405.06,111.36,111.36,213.54,460.74
225.17,405.06,111.36,111.36,280.85,460.74
247.19,405.06,111.36,111.36,302.87,460.74
201.92,359.78,111.36,111.36,257.60,415.46
201.92,337.75,111.36,111.36,257.60,393.43
201.92,292.47,111.36,111.36,257.60,348.15
201.92,270.44,111.36,111.36,257.60,326.12
134.61,270.44,111.36,111.36,190.29,326.12
112.58,292.47,111.36,111.36,168.26,348.15
90.56,292.47,111.36,111.36,146.24,348.15
112.58,270.44,111.36,111.36,168.26,326.12
90.56,270.44,111.36,111.36,146.24,326.12
67.31,270.44,111.36,111.36,122.99,326.12
22.03,247.19,111.36,111.36,77.71,302.87
45.28,225.17,111.36,111.36,100.96,280.85
90.56,201.92,111.36,111.36,146.24,257.60
112.58,225.17,111.36,111.36,168.26,280.85
134.61,247.19,111.36,111.36,190.29,302.87
247.19,292.47,111.36,111.36,302.87,348.15
270.44,292.47,111.36,111.36,326.12,348.15
292.47,292.47,111.36,111.36,348.15,348.15
270.44,292.47,111.36,111.36,326.12,348.15
292.47,292.47,111.36,111.36,348.15,348.15
314.50,292.47,111.36,111.36,370.18,348.15
359.78,247.19,111.36,111.36,415.46,302.87
337.75,225.17,111.36,111.36,393.43,280.85
314.50,225.17,111.36,111.36,370.18,280.85
292.47,225.17,111.36,111.36,348.15,280.85
247.19,225.17,111.36,111.36,302.87,280.85
179.89,450.33,111.36,111.36,235.57,506.01
134.61,450.33,111.36,111.36,190.29,506.01
112.58,472.36,111.36,111.36,168.26,528.04
90.56,494.39,111.36,111.36,146.24,550.07
112.58,494.39,111.36,111.36,168.26,550.07
134.61,472.36,111.36,111.36,190.29,528.04
179.89,472.36,111.36,111.36,235.57,528.04
225.17,450.33,111.36,111.36,280.85,506.01
247.19,472.36,111.36,111.36,302.87,528.04
270.44,494.39,111.36,111.36,326.12,550.07
247.19,472.36,111.36,111.36,302.87,528.04
225.17,472.36,111.36,111.36,280.85,528.04
247.19,539.67,111.36,111.36,302.87,595.35
225.17,517.64,111.36,111.36,280.85,573.32
225.17,539.67,111.36,111.36,280.85,595.35
179.89,517.64,111.36,111.36,235.57,573.32
134.61,539.67,111.36,111.36,190.29,595.35
134.61,494.39,111.36,111.36,190.29,550.07
112.58,517.64,111.36,111.36,168.26,573.32
179.89,539.67,111.36,111.36,235.57,595.35
201.92,652.25,111.36,111.36,257.60,707.93
134.61,630.22,111.36,111.36,190.29,685.90
90.56,606.97,111.36,111.36,146.24,662.65
45.28,584.94,111.36,111.36,100.96,640.62
22.03,539.67,111.36,111.36,77.71,595.35
0.00,472.36,111.36,111.36,55.68,528.04
0.00,427.08,111.36,111.36,55.68,482.76
-22.03,359.78,111.36,111.36,33.65,415.46
-22.03,292.47,111.36,111.36,33.65,348.15
247.19,630.22,111.36,111.36,302.87,685.90
292.47,584.94,111.36,111.36,348.15,640.62
359.78,561.69,111.36,111.36,415.46,617.37
381.80,517.64,111.36,111.36,437.48,573.32
381.80,472.36,111.36,111.36,437.48,528.04
381.80,427.08,111.36,111.36,437.48,482.76
405.06,359.78,111.36,111.36,460.74,415.46
405.06,314.50,111.36,111.36,460.74,370.18
