84,30
x,y,dx,dy,x_c,y_c
243.27,304.36,75.27,75.27,280.91,342.00
243.27,304.36,75.27,75.27,280.91,342.00
228.00,289.09,75.27,75.27,265.64,326.73
258.55,304.36,75.27,75.27,296.18,342.00
273.82,304.36,75.27,75.27,311.45,342.00
228.00,273.82,75.27,75.27,265.64,311.45
228.00,258.55,75.27,75.27,265.64,296.18
243.27,228.00,75.27,75.27,280.91,265.64
258.55,212.73,75.27,75.27,296.18,250.36
212.73,212.73,75.27,75.27,250.36,250.36
212.73,212.73,75.27,75.27,250.36,250.36
197.45,212.73,75.27,75.27,235.09,250.36
197.45,212.73,75.27,75.27,235.09,250.36
197.45,197.45,75.27,75.27,235.09,235.09
182.18,197.45,75.27,75.27,219.82,235.09
166.91,151.64,75.27,75.27,204.55,189.27
166.91,151.64,75.27,75.27,204.55,189.27
182.18,136.36,75.27,75.27,219.82,174.00
197.45,151.64,75.27,75.27,235.09,189.27
212.73,151.64,75.27,75.27,250.36,189.27
304.36,228.00,75.27,75.27,342.00,265.64
319.64,243.27,75.27,75.27,357.27,280.91
333.82,243.27,75.27,75.27,371.45,280.91
319.64,228.00,75.27,75.27,357.27,265.64
333.82,228.00,75.27,75.27,371.45,265.64
349.09,243.27,75.27,75.27,386.73,280.91
394.91,212.73,75.27,75.27,432.55,250.36
364.36,197.45,75.27,75.27,402.00,235.09
333.82,182.18,75.27,75.27,371.45,219.82
304.36,166.91,75.27,75.27,342.00,204.55
273.82,166.91,75.27,75.27,311.45,204.55
243.27,319.64,75.27,75.27,280.91,357.27
228.00,319.64,75.27,75.27,265.64,357.27
212.73,319.64,75.27,75.27,250.36,357.27
212.73,333.82,75.27,75.27,250.36,371.45
212.73,333.82,75.27,75.27,250.36,371.45
228.00,319.64,75.27,75.27,265.64,357.27
243.27,333.82,75.27,75.27,280.91,371.45
258.55,319.64,75.27,75.27,296.18,357.27
273.82,333.82,75.27,75.27,311.45,371.45
289.09,349.09,75.27,75.27,326.73,386.73
273.82,349.09,75.27,75.27,311.45,386.73
243.27,333.82,75.27,75.27,280.91,371.45
289.09,364.36,75.27,75.27,326.73,402.00
273.82,333.82,75.27,75.27,311.45,371.45
289.09,364.36,75.27,75.27,326.73,402.00
273.82,349.09,75.27,75.27,311.45,386.73
258.55,364.36,75.27,75.27,296.18,402.00
273.82,349.09,75.27,75.27,311.45,386.73
273.82,379.64,75.27,75.27,311.45,417.27
289.09,364.36,75.27,75.27,326.73,402.00
304.36,425.45,75.27,75.27,342.00,463.09
304.36,410.18,75.27,75.27,342.00,447.82
289.09,394.91,75.27,75.27,326.73,432.55
304.36,379.64,75.27,75.27,342.00,417.27
289.09,364.36,75.27,75.27,326.73,402.00
289.09,333.82,75.27,75.27,326.73,371.45
289.09,319.64,75.27,75.27,326.73,357.27
289.09,289.09,75.27,75.27,326.73,326.73
289.09,273.82,75.27,75.27,326.73,311.45
333.82,410.18,75.27,75.27,371.45,447.82
379.64,394.91,75.27,75.27,417.27,432.55
410.18,379.64,75.27,75.27,447.82,417.27
440.73,364.36,75.27,75.27,478.36,402.00
456.00,333.82,75.27,75.27,493.64,371.45
471.27,304.36,75.27,75.27,508.91,342.00
486.55,258.55,75.27,75.27,524.18,296.18
486.55,228.00,75.27,75.27,524.18,265.64
