150,0
x,y,dx,dy,x_c,y_c
262.04,314.44,86.25,86.25,305.16,357.57
244.57,314.44,86.25,86.25,287.69,357.57
227.10,296.97,86.25,86.25,270.22,340.10
279.51,296.97,86.25,86.25,322.63,340.10
296.97,296.97,86.25,86.25,340.10,340.10
262.04,279.51,86.25,86.25,305.16,322.63
262.04,262.04,86.25,86.25,305.16,305.16
262.04,227.10,86.25,86.25,305.16,270.22
262.04,209.63,86.25,86.25,305.16,252.76
209.63,209.63,86.25,86.25,252.76,252.76
209.63,209.63,86.25,86.25,252.76,252.76
192.16,209.63,86.25,86.25,235.29,252.76
192.16,192.16,86.25,86.25,235.29,235.29
192.16,192.16,86.25,86.25,235.29,235.29
174.69,209.63,86.25,86.25,217.82,252.76
122.28,174.69,86.25,86.25,165.41,217.82
139.75,157.22,86.25,86.25,182.88,200.35
174.69,139.75,86.25,86.25,217.82,182.88
192.16,157.22,86.25,86.25,235.29,200.35
227.10,157.22,86.25,86.25,270.22,200.35
296.97,209.63,86.25,86.25,340.10,252.76
314.44,209.63,86.25,86.25,357.57,252.76
331.91,209.63,86.25,86.25,375.04,252.76
314.44,192.16,86.25,86.25,357.57,235.29
331.91,192.16,86.25,86.25,375.04,235.29
349.38,209.63,86.25,86.25,392.51,252.76
384.32,174.69,86.25,86.25,427.45,217.82
366.85,157.22,86.25,86.25,409.98,200.35
331.91,157.22,86.25,86.25,375.04,200.35
314.44,157.22,86.25,86.25,357.57,200.35
279.51,157.22,86.25,86.25,322.63,200.35
262.04,331.91,86.25,86.25,305.16,375.04
227.10,331.91,86.25,86.25,270.22,375.04
209.63,349.38,86.25,86.25,252.76,392.51
192.16,366.85,86.25,86.25,235.29,409.98
209.63,366.85,86.25,86.25,252.76,409.98
227.10,349.38,86.25,86.25,270.22,392.51
262.04,349.38,86.25,86.25,305.16,392.51
296.97,314.44,86.25,86.25,340.10,357.57
314.44,331.91,86.25,86.25,357.57,375.04
331.91,331.91,86.25,86.25,375.04,375.04
331.91,331.91,86.25,86.25,375.04,375.04
314.44,331.91,86.25,86.25,357.57,375.04
314.44,366.85,86.25,86.25,357.57,409.98
296.97,349.38,86.25,86.25,340.10,392.51
296.97,366.85,86.25,86.25,340.10,409.98
262.04,349.38,86.25,86.25,305.16,392.51
244.57,366.85,86.25,86.25,287.69,409.98
244.57,349.38,86.25,86.25,287.69,392.51
227.10,366.85,86.25,86.25,270.22,409.98
262.04,366.85,86.25,86.25,305.16,409.98
279.51,454.20,86.25,86.25,322.63,497.32
227.10,436.73,86.25,86.25,270.22,479.85
192.16,419.26,86.25,86.25,235.29,462.38
157.22,384.32,86.25,86.25,200.35,427.45
122.28,349.38,86.25,86.25,165.41,392.51
104.81,314.44,86.25,86.25,147.94,357.57
104.81,279.51,86.25,86.25,147.94,322.63
87.35,227.10,86.25,86.25,130.47,270.22
87.35,192.16,86.25,86.25,130.47,235.29
296.97,436.73,86.25,86.25,340.10,479.85
331.91,401.79,86.25,86.25,375.04,444.92
366.85,366.85,86.25,86.25,409.98,409.98
384.32,331.91,86.25,86.25,427.45,375.04
401.79,296.97,86.25,86.25,444.92,340.10
401.79,262.04,86.25,86.25,444.92,305.16
419.26,209.63,86.25,86.25,462.38,252.76
419.26,157.22,86.25,86.25,462.38,200.35
