139,0
x,y,dx,dy,x_c,y_c
194.00,230.00,60.00,60.00,224.00,260.00
182.00,230.00,60.00,60.00,212.00,260.00
170.00,218.00,60.00,60.00,200.00,248.00
206.00,218.00,60.00,60.00,236.00,248.00
218.00,218.00,60.00,60.00,248.00,248.00
194.00,206.00,60.00,60.00,224.00,236.00
194.00,194.00,60.00,60.00,224.00,224.00
194.00,170.00,60.00,60.00,224.00,200.00
194.00,158.00,60.00,60.00,224.00,188.00
158.00,158.00,60.00,60.00,188.00,188.00
146.00,158.00,60.00,60.00,176.00,188.00
146.00,158.00,60.00,60.00,176.00,188.00
146.00,158.00,60.00,60.00,176.00,188.00
146.00,158.00,60.00,60.00,176.00,188.00
133.00,158.00,60.00,60.00,163.00,188.00
109.00,133.00,60.00,60.00,139.00,163.00
121.00,121.00,60.00,60.00,151.00,151.00
133.00,121.00,60.00,60.00,163.00,151.00
158.00,121.00,60.00,60.00,188.00,151.00
170.00,133.00,60.00,60.00,200.00,163.00
230.00,158.00,60.00,60.00,260.00,188.00
243.00,158.00,60.00,60.00,273.00,188.00
243.00,158.00,60.00,60.00,273.00,188.00
230.00,146.00,60.00,60.00,260.00,176.00
243.00,146.00,60.00,60.00,273.00,176.00
255.00,158.00,60.00,60.00,285.00,188.00
279.00,133.00,60.00,60.00,309.00,163.00
267.00,121.00,60.00,60.00,297.00,151.00
243.00,121.00,60.00,60.00,273.00,151.00
230.00,121.00,60.00,60.00,260.00,151.00
206.00,121.00,60.00,60.00,236.00,151.00
194.00,243.00,60.00,60.00,224.00,273.00
170.00,230.00,60.00,60.00,200.00,260.00
158.00,243.00,60.00,60.00,188.00,273.00
146.00,255.00,60.00,60.00,176.00,285.00
146.00,255.00,60.00,60.00,176.00,285.00
158.00,243.00,60.00,60.00,188.00,273.00
194.00,243.00,60.00,60.00,224.00,273.00
218.00,230.00,60.00,60.00,248.00,260.00
243.00,243.00,60.00,60.00,273.00,273.00
255.00,243.00,60.00,60.00,285.00,273.00
243.00,243.00,60.00,60.00,273.00,273.00
218.00,243.00,60.00,60.00,248.00,273.00
243.00,267.00,60.00,60.00,273.00,297.00
218.00,255.00,60.00,60.00,248.00,285.00
218.00,267.00,60.00,60.00,248.00,297.00
194.00,255.00,60.00,60.00,224.00,285.00
158.00,267.00,60.00,60.00,188.00,297.00
158.00,243.00,60.00,60.00,188.00,273.00
146.00,255.00,60.00,60.00,176.00,285.00
194.00,267.00,60.00,60.00,224.00,297.00
206.00,327.00,60.00,60.00,236.00,357.00
182.00,315.00,60.00,60.00,212.00,345.00
158.00,303.00,60.00,60.00,188.00,333.00
133.00,279.00,60.00,60.00,163.00,309.00
109.00,255.00,60.00,60.00,139.00,285.00
97.00,218.00,60.00,60.00,127.00,248.00
97.00,194.00,60.00,60.00,127.00,224.00
85.00,158.00,60.00,60.00,115.00,188.00
85.00,133.00,60.00,60.00,115.00,163.00
230.00,315.00,60.00,60.00,260.00,345.00
255.00,303.00,60.00,60.00,285.00,333.00
279.00,291.00,60.00,60.00,309.00,321.00
291.00,267.00,60.00,60.00,321.00,297.00
303.00,255.00,60.00,60.00,333.00,285.00
315.00,230.00,60.00,60.00,345.00,260.00
327.00,194.00,60.00,60.00,357.00,224.00
327.00,170.00,60.00,60.00,357.00,200.00
