148,30
x,y,dx,dy,x_c,y_c
244.36,279.27,86.18,86.18,287.45,322.36
244.36,279.27,86.18,86.18,287.45,322.36
226.91,279.27,86.18,86.18,270.00,322.36
244.36,279.27,86.18,86.18,287.45,322.36
261.82,279.27,86.18,86.18,304.91,322.36
226.91,244.36,86.18,86.18,270.00,287.45
226.91,226.91,86.18,86.18,270.00,270.00
244.36,192.00,86.18,86.18,287.45,235.09
244.36,174.55,86.18,86.18,287.45,217.64
209.45,174.55,86.18,86.18,252.55,217.64
209.45,174.55,86.18,86.18,252.55,217.64
192.00,174.55,86.18,86.18,235.09,217.64
192.00,174.55,86.18,86.18,235.09,217.64
192.00,174.55,86.18,86.18,235.09,217.64
192.00,192.00,86.18,86.18,235.09,235.09
174.55,139.64,86.18,86.18,217.64,182.73
174.55,139.64,86.18,86.18,217.64,182.73
192.00,139.64,86.18,86.18,235.09,182.73
209.45,139.64,86.18,86.18,252.55,182.73
226.91,139.64,86.18,86.18,270.00,182.73
296.73,174.55,86.18,86.18,339.82,217.64
296.73,192.00,86.18,86.18,339.82,235.09
314.18,192.00,86.18,86.18,357.27,235.09
296.73,174.55,86.18,86.18,339.82,217.64
314.18,174.55,86.18,86.18,357.27,217.64
331.64,192.00,86.18,86.18,374.73,235.09
384.00,157.09,86.18,86.18,427.09,200.18
349.09,139.64,86.18,86.18,392.18,182.73
314.18,139.64,86.18,86.18,357.27,182.73
296.73,139.64,86.18,86.18,339.82,182.73
261.82,139.64,86.18,86.18,304.91,182.73
244.36,296.73,86.18,86.18,287.45,339.82
226.91,296.73,86.18,86.18,270.00,339.82
209.45,314.18,86.18,86.18,252.55,357.27
209.45,331.64,86.18,86.18,252.55,374.73
209.45,331.64,86.18,86.18,252.55,374.73
226.91,314.18,86.18,86.18,270.00,357.27
244.36,314.18,86.18,86.18,287.45,357.27
261.82,296.73,86.18,86.18,304.91,339.82
279.27,314.18,86.18,86.18,322.36,357.27
296.73,331.64,86.18,86.18,339.82,374.73
279.27,331.64,86.18,86.18,322.36,374.73
244.36,314.18,86.18,86.18,287.45,357.27
279.27,349.09,86.18,86.18,322.36,392.18
244.36,331.64,86.18,86.18,287.45,374.73
261.82,366.55,86.18,86.18,304.91,409.64
226.91,331.64,86.18,86.18,270.00,374.73
209.45,349.09,86.18,86.18,252.55,392.18
209.45,314.18,86.18,86.18,252.55,357.27
192.00,349.09,86.18,86.18,235.09,392.18
226.91,366.55,86.18,86.18,270.00,409.64
226.91,453.82,86.18,86.18,270.00,496.91
226.91,436.36,86.18,86.18,270.00,479.45
209.45,401.45,86.18,86.18,252.55,444.55
209.45,366.55,86.18,86.18,252.55,409.64
174.55,331.64,86.18,86.18,217.64,374.73
174.55,296.73,86.18,86.18,217.64,339.82
174.55,279.27,86.18,86.18,217.64,322.36
157.09,244.36,86.18,86.18,200.18,287.45
157.09,226.91,86.18,86.18,200.18,270.00
279.27,436.36,86.18,86.18,322.36,479.45
331.64,418.91,86.18,86.18,374.73,462.00
384.00,401.45,86.18,86.18,427.09,444.55
418.91,366.55,86.18,86.18,462.00,409.64
436.36,331.64,86.18,86.18,479.45,374.73
453.82,296.73,86.18,86.18,496.91,339.82
471.27,244.36,86.18,86.18,514.36,287.45
488.73,209.45,86.18,86.18,531.82,252.55
