160,15
x,y,dx,dy,x_c,y_c
194.00,230.00,60.00,60.00,224.00,260.00
194.00,230.00,60.00,60.00,224.00,260.00
182.00,230.00,60.00,60.00,212.00,260.00
206.00,230.00,60.00,60.00,236.00,260.00
218.00,230.00,60.00,60.00,248.00,260.00
194.00,194.00,60.00,60.00,224.00,224.00
194.00,182.00,60.00,60.00,224.00,212.00
194.00,170.00,60.00,60.00,224.00,200.00
194.00,158.00,60.00,60.00,224.00,188.00
170.00,158.00,60.00,60.00,200.00,188.00
170.00,158.00,60.00,60.00,200.00,188.00
158.00,158.00,60.00,60.00,188.00,188.00
170.00,146.00,60.00,60.00,200.00,176.00
158.00,146.00,60.00,60.00,188.00,176.00
158.00,158.00,60.00,60.00,188.00,188.00
133.00,133.00,60.00,60.00,163.00,163.00
146.00,121.00,60.00,60.00,176.00,151.00
158.00,121.00,60.00,60.00,188.00,151.00
170.00,121.00,60.00,60.00,200.00,151.00
182.00,121.00,60.00,60.00,212.00,151.00
230.00,158.00,60.00,60.00,260.00,188.00
243.00,158.00,60.00,60.00,273.00,188.00
255.00,158.00,60.00,60.00,285.00,188.00
243.00,146.00,60.00,60.00,273.00,176.00
255.00,146.00,60.00,60.00,285.00,176.00
267.00,158.00,60.00,60.00,297.00,188.00
303.00,133.00,60.00,60.00,333.00,163.00
279.00,121.00,60.00,60.00,309.00,151.00
255.00,109.00,60.00,60.00,285.00,139.00
243.00,109.00,60.00,60.00,273.00,139.00
218.00,109.00,60.00,60.00,248.00,139.00
194.00,255.00,60.00,60.00,224.00,285.00
182.00,255.00,60.00,60.00,212.00,285.00
170.00,267.00,60.00,60.00,200.00,297.00
158.00,279.00,60.00,60.00,188.00,309.00
170.00,279.00,60.00,60.00,200.00,309.00
182.00,267.00,60.00,60.00,212.00,297.00
194.00,267.00,60.00,60.00,224.00,297.00
218.00,255.00,60.00,60.00,248.00,285.00
230.00,255.00,60.00,60.00,260.00,285.00
243.00,267.00,60.00,60.00,273.00,297.00
230.00,267.00,60.00,60.00,260.00,297.00
218.00,267.00,60.00,60.00,248.00,297.00
230.00,291.00,60.00,60.00,260.00,321.00
206.00,267.00,60.00,60.00,236.00,297.00
206.00,279.00,60.00,60.00,236.00,309.00
194.00,267.00,60.00,60.00,224.00,297.00
182.00,291.00,60.00,60.00,212.00,321.00
182.00,267.00,60.00,60.00,212.00,297.00
170.00,291.00,60.00,60.00,200.00,321.00
194.00,291.00,60.00,60.00,224.00,321.00
194.00,352.00,60.00,60.00,224.00,382.00
170.00,340.00,60.00,60.00,200.00,370.00
158.00,327.00,60.00,60.00,188.00,357.00
146.00,303.00,60.00,60.00,176.00,333.00
133.00,279.00,60.00,60.00,163.00,309.00
133.00,255.00,60.00,60.00,163.00,285.00
121.00,230.00,60.00,60.00,151.00,260.00
109.00,206.00,60.00,60.00,139.00,236.00
109.00,182.00,60.00,60.00,139.00,212.00
230.00,340.00,60.00,60.00,260.00,370.00
255.00,327.00,60.00,60.00,285.00,357.00
291.00,303.00,60.00,60.00,321.00,333.00
303.00,279.00,60.00,60.00,333.00,309.00
327.00,255.00,60.00,60.00,357.00,285.00
340.00,230.00,60.00,60.00,370.00,260.00
352.00,194.00,60.00,60.00,382.00,224.00
352.00,170.00,60.00,60.00,382.00,200.00
