61,0
x,y,dx,dy,x_c,y_c
273.82,319.64,75.27,75.27,311.45,357.27
258.55,319.64,75.27,75.27,296.18,357.27
243.27,304.36,75.27,75.27,280.91,342.00
289.09,319.64,75.27,75.27,326.73,357.27
304.36,319.64,75.27,75.27,342.00,357.27
273.82,289.09,75.27,75.27,311.45,326.73
273.82,258.55,75.27,75.27,311.45,296.18
273.82,228.00,75.27,75.27,311.45,265.64
289.09,212.73,75.27,75.27,326.73,250.36
258.55,212.73,75.27,75.27,296.18,250.36
243.27,212.73,75.27,75.27,280.91,250.36
243.27,212.73,75.27,75.27,280.91,250.36
243.27,212.73,75.27,75.27,280.91,250.36
243.27,212.73,75.27,75.27,280.91,250.36
228.00,212.73,75.27,75.27,265.64,250.36
197.45,182.18,75.27,75.27,235.09,219.82
212.73,166.91,75.27,75.27,250.36,204.55
228.00,151.64,75.27,75.27,265.64,189.27
258.55,166.91,75.27,75.27,296.18,204.55
273.82,166.91,75.27,75.27,311.45,204.55
333.82,228.00,75.27,75.27,371.45,265.64
349.09,228.00,75.27,75.27,386.73,265.64
349.09,228.00,75.27,75.27,386.73,265.64
349.09,228.00,75.27,75.27,386.73,265.64
349.09,228.00,75.27,75.27,386.73,265.64
364.36,243.27,75.27,75.27,402.00,280.91
394.91,212.73,75.27,75.27,432.55,250.36
379.64,197.45,75.27,75.27,417.27,235.09
364.36,197.45,75.27,75.27,402.00,235.09
349.09,197.45,75.27,75.27,386.73,235.09
333.82,212.73,75.27,75.27,371.45,250.36
273.82,333.82,75.27,75.27,311.45,371.45
243.27,333.82,75.27,75.27,280.91,371.45
228.00,333.82,75.27,75.27,265.64,371.45
197.45,349.09,75.27,75.27,235.09,386.73
212.73,349.09,75.27,75.27,250.36,386.73
243.27,333.82,75.27,75.27,280.91,371.45
258.55,349.09,75.27,75.27,296.18,386.73
304.36,319.64,75.27,75.27,342.00,357.27
319.64,333.82,75.27,75.27,357.27,371.45
333.82,349.09,75.27,75.27,371.45,386.73
333.82,349.09,75.27,75.27,371.45,386.73
304.36,349.09,75.27,75.27,342.00,386.73
319.64,379.64,75.27,75.27,357.27,417.27
304.36,364.36,75.27,75.27,342.00,402.00
304.36,394.91,75.27,75.27,342.00,432.55
273.82,379.64,75.27,75.27,311.45,417.27
243.27,379.64,75.27,75.27,280.91,417.27
258.55,349.09,75.27,75.27,296.18,386.73
243.27,349.09,75.27,75.27,280.91,386.73
273.82,394.91,75.27,75.27,311.45,432.55
289.09,471.27,75.27,75.27,326.73,508.91
243.27,471.27,75.27,75.27,280.91,508.91
212.73,456.00,75.27,75.27,250.36,493.64
166.91,425.45,75.27,75.27,204.55,463.09
136.36,394.91,75.27,75.27,174.00,432.55
121.09,349.09,75.27,75.27,158.73,386.73
106.91,319.64,75.27,75.27,144.55,357.27
91.64,273.82,75.27,75.27,129.27,311.45
91.64,243.27,75.27,75.27,129.27,280.91
304.36,456.00,75.27,75.27,342.00,493.64
333.82,425.45,75.27,75.27,371.45,463.09
349.09,394.91,75.27,75.27,386.73,432.55
364.36,349.09,75.27,75.27,402.00,386.73
379.64,319.64,75.27,75.27,417.27,357.27
394.91,273.82,75.27,75.27,432.55,311.45
410.18,228.00,75.27,75.27,447.82,265.64
410.18,182.18,75.27,75.27,447.82,219.82
