109,0
x,y,dx,dy,x_c,y_c
106.00,124.00,22.00,22.00,117.00,135.00
101.00,124.00,22.00,22.00,112.00,135.00
96.00,124.00,22.00,22.00,107.00,135.00
110.00,124.00,22.00,22.00,121.00,135.00
110.00,124.00,22.00,22.00,121.00,135.00
106.00,115.00,22.00,22.00,117.00,126.00
106.00,110.00,22.00,22.00,117.00,121.00
106.00,101.00,22.00,22.00,117.00,112.00
106.00,96.00,22.00,22.00,117.00,107.00
92.00,96.00,22.00,22.00,103.00,107.00
87.00,96.00,22.00,22.00,98.00,107.00
83.00,96.00,22.00,22.00,94.00,107.00
87.00,92.00,22.00,22.00,98.00,103.00
83.00,92.00,22.00,22.00,94.00,103.00
78.00,96.00,22.00,22.00,89.00,107.00
69.00,92.00,22.00,22.00,80.00,103.00
74.00,87.00,22.00,22.00,85.00,98.00
78.00,83.00,22.00,22.00,89.00,94.00
87.00,83.00,22.00,22.00,98.00,94.00
92.00,83.00,22.00,22.00,103.00,94.00
119.00,96.00,22.00,22.00,130.00,107.00
124.00,96.00,22.00,22.00,135.00,107.00
129.00,96.00,22.00,22.00,140.00,107.00
124.00,92.00,22.00,22.00,135.00,103.00
129.00,92.00,22.00,22.00,140.00,103.00
133.00,92.00,22.00,22.00,144.00,103.00
142.00,83.00,22.00,22.00,153.00,94.00
138.00,83.00,22.00,22.00,149.00,94.00
129.00,83.00,22.00,22.00,140.00,94.00
124.00,83.00,22.00,22.00,135.00,94.00
115.00,83.00,22.00,22.00,126.00,94.00
106.00,129.00,22.00,22.00,117.00,140.00
96.00,124.00,22.00,22.00,107.00,135.00
87.00,129.00,22.00,22.00,98.00,140.00
83.00,133.00,22.00,22.00,94.00,144.00
87.00,133.00,22.00,22.00,98.00,144.00
96.00,129.00,22.00,22.00,107.00,140.00
106.00,133.00,22.00,22.00,117.00,144.00
115.00,124.00,22.00,22.00,126.00,135.00
129.00,129.00,22.00,22.00,140.00,140.00
133.00,133.00,22.00,22.00,144.00,144.00
133.00,129.00,22.00,22.00,144.00,140.00
119.00,129.00,22.00,22.00,130.00,140.00
129.00,147.00,22.00,22.00,140.00,158.00
119.00,142.00,22.00,22.00,130.00,153.00
119.00,152.00,22.00,22.00,130.00,163.00
110.00,147.00,22.00,22.00,121.00,158.00
96.00,152.00,22.00,22.00,107.00,163.00
92.00,142.00,22.00,22.00,103.00,153.00
87.00,142.00,22.00,22.00,98.00,153.00
110.00,152.00,22.00,22.00,121.00,163.00
110.00,175.00,22.00,22.00,121.00,186.00
96.00,170.00,22.00,22.00,107.00,181.00
87.00,165.00,22.00,22.00,98.00,176.00
78.00,156.00,22.00,22.00,89.00,167.00
69.00,147.00,22.00,22.00,80.00,158.00
64.00,138.00,22.00,22.00,75.00,149.00
64.00,129.00,22.00,22.00,75.00,140.00
60.00,115.00,22.00,22.00,71.00,126.00
60.00,101.00,22.00,22.00,71.00,112.00
119.00,170.00,22.00,22.00,130.00,181.00
129.00,165.00,22.00,22.00,140.00,176.00
138.00,156.00,22.00,22.00,149.00,167.00
142.00,142.00,22.00,22.00,153.00,153.00
147.00,133.00,22.00,22.00,158.00,144.00
152.00,119.00,22.00,22.00,163.00,130.00
156.00,106.00,22.00,22.00,167.00,117.00
156.00,96.00,22.00,22.00,167.00,107.00
