151,0
x,y,dx,dy,x_c,y_c
261.82,279.27,86.18,86.18,304.91,322.36
244.36,279.27,86.18,86.18,287.45,322.36
244.36,279.27,86.18,86.18,287.45,322.36
279.27,279.27,86.18,86.18,322.36,322.36
296.73,279.27,86.18,86.18,339.82,322.36
261.82,244.36,86.18,86.18,304.91,287.45
261.82,226.91,86.18,86.18,304.91,270.00
261.82,192.00,86.18,86.18,304.91,235.09
261.82,174.55,86.18,86.18,304.91,217.64
209.45,174.55,86.18,86.18,252.55,217.64
209.45,192.00,86.18,86.18,252.55,235.09
209.45,192.00,86.18,86.18,252.55,235.09
192.00,174.55,86.18,86.18,235.09,217.64
192.00,174.55,86.18,86.18,235.09,217.64
174.55,192.00,86.18,86.18,217.64,235.09
122.18,157.09,86.18,86.18,165.27,200.18
139.64,139.64,86.18,86.18,182.73,182.73
157.09,122.18,86.18,86.18,200.18,165.27
192.00,139.64,86.18,86.18,235.09,182.73
226.91,157.09,86.18,86.18,270.00,200.18
296.73,192.00,86.18,86.18,339.82,235.09
314.18,192.00,86.18,86.18,357.27,235.09
331.64,192.00,86.18,86.18,374.73,235.09
314.18,174.55,86.18,86.18,357.27,217.64
331.64,174.55,86.18,86.18,374.73,217.64
349.09,192.00,86.18,86.18,392.18,235.09
384.00,157.09,86.18,86.18,427.09,200.18
366.55,139.64,86.18,86.18,409.64,182.73
331.64,139.64,86.18,86.18,374.73,182.73
314.18,139.64,86.18,86.18,357.27,182.73
279.27,139.64,86.18,86.18,322.36,182.73
261.82,296.73,86.18,86.18,304.91,339.82
244.36,314.18,86.18,86.18,287.45,357.27
226.91,331.64,86.18,86.18,270.00,374.73
209.45,349.09,86.18,86.18,252.55,392.18
209.45,349.09,86.18,86.18,252.55,392.18
244.36,314.18,86.18,86.18,287.45,357.27
261.82,314.18,86.18,86.18,304.91,357.27
279.27,296.73,86.18,86.18,322.36,339.82
296.73,314.18,86.18,86.18,339.82,357.27
314.18,331.64,86.18,86.18,357.27,374.73
296.73,331.64,86.18,86.18,339.82,374.73
279.27,314.18,86.18,86.18,322.36,357.27
296.73,349.09,86.18,86.18,339.82,392.18
279.27,331.64,86.18,86.18,322.36,374.73
279.27,349.09,86.18,86.18,322.36,392.18
244.36,331.64,86.18,86.18,287.45,374.73
226.91,349.09,86.18,86.18,270.00,392.18
226.91,331.64,86.18,86.18,270.00,374.73
209.45,349.09,86.18,86.18,252.55,392.18
244.36,349.09,86.18,86.18,287.45,392.18
244.36,436.36,86.18,86.18,287.45,479.45
209.45,418.91,86.18,86.18,252.55,462.00
174.55,384.00,86.18,86.18,217.64,427.09
139.64,349.09,86.18,86.18,182.73,392.18
104.73,314.18,86.18,86.18,147.82,357.27
87.27,279.27,86.18,86.18,130.36,322.36
87.27,244.36,86.18,86.18,130.36,287.45
87.27,192.00,86.18,86.18,130.36,235.09
87.27,157.09,86.18,86.18,130.36,200.18
279.27,418.91,86.18,86.18,322.36,462.00
314.18,401.45,86.18,86.18,357.27,444.55
349.09,384.00,86.18,86.18,392.18,427.09
366.55,331.64,86.18,86.18,409.64,374.73
384.00,296.73,86.18,86.18,427.09,339.82
401.45,261.82,86.18,86.18,444.55,304.91
418.91,209.45,86.18,86.18,462.00,252.55
418.91,174.55,86.18,86.18,462.00,217.64
