76,0
x,y,dx,dy,x_c,y_c
278.75,209.34,115.69,115.69,336.59,267.18
255.61,209.34,115.69,115.69,313.45,267.18
255.61,209.34,115.69,115.69,313.45,267.18
301.88,209.34,115.69,115.69,359.73,267.18
326.12,209.34,115.69,115.69,383.96,267.18
278.75,163.06,115.69,115.69,336.59,220.90
278.75,139.92,115.69,115.69,336.59,197.77
301.88,92.55,115.69,115.69,359.73,150.39
326.12,46.27,115.69,115.69,383.96,104.12
255.61,46.27,115.69,115.69,313.45,104.12
255.61,46.27,115.69,115.69,313.45,104.12
232.47,46.27,115.69,115.69,290.31,104.12
232.47,23.14,115.69,115.69,290.31,80.98
232.47,23.14,115.69,115.69,290.31,80.98
209.34,46.27,115.69,115.69,267.18,104.12
163.06,23.14,115.69,115.69,220.90,80.98
186.20,0.00,115.69,115.69,244.04,57.84
232.47,-23.14,115.69,115.69,290.31,34.71
255.61,-23.14,115.69,115.69,313.45,34.71
278.75,0.00,115.69,115.69,336.59,57.84
395.53,69.41,115.69,115.69,453.38,127.25
418.67,92.55,115.69,115.69,476.51,150.39
441.81,92.55,115.69,115.69,499.65,150.39
418.67,69.41,115.69,115.69,476.51,127.25
441.81,69.41,115.69,115.69,499.65,127.25
464.94,69.41,115.69,115.69,522.79,127.25
511.22,23.14,115.69,115.69,569.06,80.98
488.08,0.00,115.69,115.69,545.92,57.84
441.81,0.00,115.69,115.69,499.65,57.84
418.67,0.00,115.69,115.69,476.51,57.84
372.40,0.00,115.69,115.69,430.24,57.84
278.75,232.47,115.69,115.69,336.59,290.31
255.61,232.47,115.69,115.69,313.45,290.31
232.47,255.61,115.69,115.69,290.31,313.45
209.34,278.75,115.69,115.69,267.18,336.59
232.47,278.75,115.69,115.69,290.31,336.59
255.61,255.61,115.69,115.69,313.45,313.45
278.75,255.61,115.69,115.69,336.59,313.45
326.12,232.47,115.69,115.69,383.96,290.31
349.26,278.75,115.69,115.69,407.10,336.59
372.40,301.88,115.69,115.69,430.24,359.73
349.26,278.75,115.69,115.69,407.10,336.59
326.12,278.75,115.69,115.69,383.96,336.59
349.26,372.40,115.69,115.69,407.10,430.24
326.12,372.40,115.69,115.69,383.96,430.24
326.12,418.67,115.69,115.69,383.96,476.51
278.75,395.53,115.69,115.69,336.59,453.38
255.61,418.67,115.69,115.69,313.45,476.51
255.61,372.40,115.69,115.69,313.45,430.24
232.47,395.53,115.69,115.69,290.31,453.38
278.75,418.67,115.69,115.69,336.59,476.51
278.75,511.22,115.69,115.69,336.59,569.06
232.47,488.08,115.69,115.69,290.31,545.92
186.20,441.81,115.69,115.69,244.04,499.65
139.92,395.53,115.69,115.69,197.77,453.38
116.79,349.26,115.69,115.69,174.63,407.10
92.55,278.75,115.69,115.69,150.39,336.59
92.55,232.47,115.69,115.69,150.39,290.31
92.55,163.06,115.69,115.69,150.39,220.90
92.55,116.79,115.69,115.69,150.39,174.63
326.12,488.08,115.69,115.69,383.96,545.92
372.40,464.94,115.69,115.69,430.24,522.79
395.53,441.81,115.69,115.69,453.38,499.65
418.67,372.40,115.69,115.69,476.51,430.24
418.67,326.12,115.69,115.69,476.51,383.96
418.67,278.75,115.69,115.69,476.51,336.59
418.67,209.34,115.69,115.69,476.51,267.18
418.67,139.92,115.69,115.69,476.51,197.77
