172,0
x,y,dx,dy,x_c,y_c
169.00,201.00,52.00,52.00,195.00,227.00
158.00,201.00,52.00,52.00,184.00,227.00
148.00,190.00,52.00,52.00,174.00,216.00
179.00,190.00,52.00,52.00,205.00,216.00
190.00,190.00,52.00,52.00,216.00,216.00
169.00,179.00,52.00,52.00,195.00,205.00
169.00,158.00,52.00,52.00,195.00,184.00
169.00,137.00,52.00,52.00,195.00,163.00
169.00,116.00,52.00,52.00,195.00,142.00
137.00,116.00,52.00,52.00,163.00,142.00
127.00,116.00,52.00,52.00,153.00,142.00
116.00,116.00,52.00,52.00,142.00,142.00
127.00,106.00,52.00,52.00,153.00,132.00
116.00,106.00,52.00,52.00,142.00,132.00
106.00,116.00,52.00,52.00,132.00,142.00
84.00,106.00,52.00,52.00,110.00,132.00
95.00,84.00,52.00,52.00,121.00,110.00
106.00,74.00,52.00,52.00,132.00,100.00
127.00,84.00,52.00,52.00,153.00,110.00
148.00,95.00,52.00,52.00,174.00,121.00
201.00,116.00,52.00,52.00,227.00,142.00
211.00,116.00,52.00,52.00,237.00,142.00
222.00,116.00,52.00,52.00,248.00,142.00
201.00,116.00,52.00,52.00,227.00,142.00
211.00,116.00,52.00,52.00,237.00,142.00
222.00,116.00,52.00,52.00,248.00,142.00
243.00,95.00,52.00,52.00,269.00,121.00
232.00,84.00,52.00,52.00,258.00,110.00
222.00,84.00,52.00,52.00,248.00,110.00
211.00,84.00,52.00,52.00,237.00,110.00
190.00,95.00,52.00,52.00,216.00,121.00
169.00,211.00,52.00,52.00,195.00,237.00
148.00,211.00,52.00,52.00,174.00,237.00
137.00,222.00,52.00,52.00,163.00,248.00
127.00,232.00,52.00,52.00,153.00,258.00
137.00,232.00,52.00,52.00,163.00,258.00
148.00,222.00,52.00,52.00,174.00,248.00
169.00,222.00,52.00,52.00,195.00,248.00
190.00,211.00,52.00,52.00,216.00,237.00
201.00,222.00,52.00,52.00,227.00,248.00
201.00,222.00,52.00,52.00,227.00,248.00
201.00,222.00,52.00,52.00,227.00,248.00
201.00,222.00,52.00,52.00,227.00,248.00
201.00,232.00,52.00,52.00,227.00,258.00
190.00,222.00,52.00,52.00,216.00,248.00
190.00,243.00,52.00,52.00,216.00,269.00
169.00,232.00,52.00,52.00,195.00,258.00
148.00,243.00,52.00,52.00,174.00,269.00
148.00,222.00,52.00,52.00,174.00,248.00
137.00,232.00,52.00,52.00,163.00,258.00
169.00,243.00,52.00,52.00,195.00,269.00
179.00,285.00,52.00,52.00,205.00,311.00
137.00,285.00,52.00,52.00,163.00,311.00
116.00,264.00,52.00,52.00,142.00,290.00
95.00,243.00,52.00,52.00,121.00,269.00
84.00,222.00,52.00,52.00,110.00,248.00
74.00,190.00,52.00,52.00,100.00,216.00
63.00,169.00,52.00,52.00,89.00,195.00
53.00,137.00,52.00,52.00,79.00,163.00
53.00,116.00,52.00,52.00,79.00,142.00
201.00,274.00,52.00,52.00,227.00,300.00
222.00,253.00,52.00,52.00,248.00,279.00
243.00,243.00,52.00,52.00,269.00,269.00
253.00,211.00,52.00,52.00,279.00,237.00
253.00,190.00,52.00,52.00,279.00,216.00
264.00,169.00,52.00,52.00,290.00,195.00
274.00,137.00,52.00,52.00,300.00,163.00
274.00,106.00,52.00,52.00,300.00,132.00
