164,30
x,y,dx,dy,x_c,y_c
228.19,304.62,75.34,75.34,265.86,342.28
228.19,304.62,75.34,75.34,265.86,342.28
212.90,289.33,75.34,75.34,250.57,327.00
243.48,304.62,75.34,75.34,281.14,342.28
258.76,304.62,75.34,75.34,296.43,342.28
212.90,274.05,75.34,75.34,250.57,311.71
212.90,258.76,75.34,75.34,250.57,296.43
228.19,228.19,75.34,75.34,265.86,265.86
228.19,212.90,75.34,75.34,265.86,250.57
197.62,212.90,75.34,75.34,235.29,250.57
182.33,212.90,75.34,75.34,220.00,250.57
167.05,212.90,75.34,75.34,204.72,250.57
182.33,212.90,75.34,75.34,220.00,250.57
182.33,212.90,75.34,75.34,220.00,250.57
167.05,212.90,75.34,75.34,204.72,250.57
151.76,167.05,75.34,75.34,189.43,204.72
151.76,167.05,75.34,75.34,189.43,204.72
167.05,151.76,75.34,75.34,204.72,189.43
182.33,167.05,75.34,75.34,220.00,204.72
182.33,167.05,75.34,75.34,220.00,204.72
274.05,212.90,75.34,75.34,311.71,250.57
289.33,212.90,75.34,75.34,327.00,250.57
304.62,212.90,75.34,75.34,342.28,250.57
289.33,197.62,75.34,75.34,327.00,235.29
304.62,197.62,75.34,75.34,342.28,235.29
319.90,197.62,75.34,75.34,357.57,235.29
364.67,167.05,75.34,75.34,402.33,204.72
334.10,151.76,75.34,75.34,371.76,189.43
304.62,151.76,75.34,75.34,342.28,189.43
274.05,151.76,75.34,75.34,311.71,189.43
243.48,151.76,75.34,75.34,281.14,189.43
228.19,319.90,75.34,75.34,265.86,357.57
212.90,319.90,75.34,75.34,250.57,357.57
197.62,319.90,75.34,75.34,235.29,357.57
197.62,334.10,75.34,75.34,235.29,371.76
197.62,334.10,75.34,75.34,235.29,371.76
212.90,319.90,75.34,75.34,250.57,357.57
228.19,334.10,75.34,75.34,265.86,371.76
258.76,319.90,75.34,75.34,296.43,357.57
289.33,319.90,75.34,75.34,327.00,357.57
304.62,334.10,75.34,75.34,342.28,371.76
289.33,319.90,75.34,75.34,327.00,357.57
243.48,334.10,75.34,75.34,281.14,371.76
289.33,349.38,75.34,75.34,327.00,387.05
258.76,334.10,75.34,75.34,296.43,371.76
258.76,364.67,75.34,75.34,296.43,402.33
228.19,349.38,75.34,75.34,265.86,387.05
212.90,364.67,75.34,75.34,250.57,402.33
212.90,334.10,75.34,75.34,250.57,371.76
197.62,349.38,75.34,75.34,235.29,387.05
228.19,379.95,75.34,75.34,265.86,417.62
228.19,471.67,75.34,75.34,265.86,509.33
212.90,456.38,75.34,75.34,250.57,494.05
197.62,425.81,75.34,75.34,235.29,463.48
197.62,395.24,75.34,75.34,235.29,432.91
167.05,364.67,75.34,75.34,204.72,402.33
167.05,334.10,75.34,75.34,204.72,371.76
167.05,304.62,75.34,75.34,204.72,342.28
151.76,274.05,75.34,75.34,189.43,311.71
151.76,258.76,75.34,75.34,189.43,296.43
258.76,456.38,75.34,75.34,296.43,494.05
304.62,441.09,75.34,75.34,342.28,478.76
349.38,425.81,75.34,75.34,387.05,463.48
379.95,395.24,75.34,75.34,417.62,432.91
395.24,364.67,75.34,75.34,432.91,402.33
410.52,334.10,75.34,75.34,448.19,371.76
425.81,289.33,75.34,75.34,463.48,327.00
425.81,258.76,75.34,75.34,463.48,296.43
