99,0
x,y,dx,dy,x_c,y_c
179.00,222.00,52.00,52.00,205.00,248.00
169.00,222.00,52.00,52.00,195.00,248.00
169.00,222.00,52.00,52.00,195.00,248.00
190.00,222.00,52.00,52.00,216.00,248.00
201.00,222.00,52.00,52.00,227.00,248.00
179.00,201.00,52.00,52.00,205.00,227.00
179.00,179.00,52.00,52.00,205.00,205.00
179.00,158.00,52.00,52.00,205.00,184.00
179.00,148.00,52.00,52.00,205.00,174.00
148.00,148.00,52.00,52.00,174.00,174.00
137.00,148.00,52.00,52.00,163.00,174.00
137.00,158.00,52.00,52.00,163.00,184.00
137.00,148.00,52.00,52.00,163.00,174.00
127.00,148.00,52.00,52.00,153.00,174.00
116.00,158.00,52.00,52.00,142.00,184.00
95.00,137.00,52.00,52.00,121.00,163.00
106.00,127.00,52.00,52.00,132.00,153.00
116.00,116.00,52.00,52.00,142.00,142.00
137.00,127.00,52.00,52.00,163.00,153.00
158.00,127.00,52.00,52.00,184.00,153.00
211.00,148.00,52.00,52.00,237.00,174.00
222.00,148.00,52.00,52.00,248.00,174.00
232.00,148.00,52.00,52.00,258.00,174.00
211.00,148.00,52.00,52.00,237.00,174.00
222.00,148.00,52.00,52.00,248.00,174.00
232.00,148.00,52.00,52.00,258.00,174.00
253.00,127.00,52.00,52.00,279.00,153.00
243.00,127.00,52.00,52.00,269.00,153.00
222.00,127.00,52.00,52.00,248.00,153.00
211.00,127.00,52.00,52.00,237.00,153.00
190.00,127.00,52.00,52.00,216.00,153.00
179.00,232.00,52.00,52.00,205.00,258.00
169.00,232.00,52.00,52.00,195.00,258.00
158.00,243.00,52.00,52.00,184.00,269.00
148.00,253.00,52.00,52.00,174.00,279.00
148.00,253.00,52.00,52.00,174.00,279.00
169.00,243.00,52.00,52.00,195.00,269.00
179.00,243.00,52.00,52.00,205.00,269.00
201.00,232.00,52.00,52.00,227.00,258.00
211.00,243.00,52.00,52.00,237.00,269.00
222.00,243.00,52.00,52.00,248.00,269.00
211.00,243.00,52.00,52.00,237.00,269.00
201.00,243.00,52.00,52.00,227.00,269.00
211.00,264.00,52.00,52.00,237.00,290.00
201.00,253.00,52.00,52.00,227.00,279.00
201.00,274.00,52.00,52.00,227.00,300.00
179.00,264.00,52.00,52.00,205.00,290.00
158.00,274.00,52.00,52.00,184.00,300.00
158.00,253.00,52.00,52.00,184.00,279.00
148.00,253.00,52.00,52.00,174.00,279.00
179.00,274.00,52.00,52.00,205.00,300.00
190.00,327.00,52.00,52.00,216.00,353.00
169.00,317.00,52.00,52.00,195.00,343.00
148.00,296.00,52.00,52.00,174.00,322.00
127.00,264.00,52.00,52.00,153.00,290.00
106.00,243.00,52.00,52.00,132.00,269.00
95.00,211.00,52.00,52.00,121.00,237.00
84.00,190.00,52.00,52.00,110.00,216.00
74.00,158.00,52.00,52.00,100.00,184.00
74.00,127.00,52.00,52.00,100.00,153.00
211.00,317.00,52.00,52.00,237.00,343.00
232.00,296.00,52.00,52.00,258.00,322.00
253.00,274.00,52.00,52.00,279.00,300.00
274.00,243.00,52.00,52.00,300.00,269.00
285.00,211.00,52.00,52.00,311.00,237.00
296.00,190.00,52.00,52.00,322.00,216.00
306.00,158.00,52.00,52.00,332.00,184.00
306.00,137.00,52.00,52.00,332.00,163.00
