149,0
x,y,dx,dy,x_c,y_c
132.00,153.00,34.00,34.00,149.00,170.00
125.00,153.00,34.00,34.00,142.00,170.00
118.00,153.00,34.00,34.00,135.00,170.00
139.00,153.00,34.00,34.00,156.00,170.00
146.00,153.00,34.00,34.00,163.00,170.00
132.00,139.00,34.00,34.00,149.00,156.00
132.00,125.00,34.00,34.00,149.00,142.00
132.00,111.00,34.00,34.00,149.00,128.00
132.00,104.00,34.00,34.00,149.00,121.00
111.00,104.00,34.00,34.00,128.00,121.00
104.00,104.00,34.00,34.00,121.00,121.00
104.00,104.00,34.00,34.00,121.00,121.00
104.00,98.00,34.00,34.00,121.00,115.00
98.00,98.00,34.00,34.00,115.00,115.00
91.00,98.00,34.00,34.00,108.00,115.00
70.00,91.00,34.00,34.00,87.00,108.00
77.00,77.00,34.00,34.00,94.00,94.00
91.00,70.00,34.00,34.00,108.00,87.00
104.00,77.00,34.00,34.00,121.00,94.00
118.00,84.00,34.00,34.00,135.00,101.00
153.00,104.00,34.00,34.00,170.00,121.00
160.00,104.00,34.00,34.00,177.00,121.00
160.00,104.00,34.00,34.00,177.00,121.00
160.00,98.00,34.00,34.00,177.00,115.00
167.00,98.00,34.00,34.00,184.00,115.00
174.00,98.00,34.00,34.00,191.00,115.00
188.00,84.00,34.00,34.00,205.00,101.00
181.00,77.00,34.00,34.00,198.00,94.00
167.00,77.00,34.00,34.00,184.00,94.00
160.00,77.00,34.00,34.00,177.00,94.00
146.00,84.00,34.00,34.00,163.00,101.00
132.00,167.00,34.00,34.00,149.00,184.00
125.00,167.00,34.00,34.00,142.00,184.00
111.00,167.00,34.00,34.00,128.00,184.00
104.00,174.00,34.00,34.00,121.00,191.00
111.00,174.00,34.00,34.00,128.00,191.00
125.00,174.00,34.00,34.00,142.00,191.00
132.00,174.00,34.00,34.00,149.00,191.00
146.00,160.00,34.00,34.00,163.00,177.00
160.00,167.00,34.00,34.00,177.00,184.00
167.00,167.00,34.00,34.00,184.00,184.00
160.00,167.00,34.00,34.00,177.00,184.00
153.00,167.00,34.00,34.00,170.00,184.00
167.00,181.00,34.00,34.00,184.00,198.00
153.00,174.00,34.00,34.00,170.00,191.00
153.00,188.00,34.00,34.00,170.00,205.00
139.00,181.00,34.00,34.00,156.00,198.00
118.00,188.00,34.00,34.00,135.00,205.00
118.00,174.00,34.00,34.00,135.00,191.00
111.00,181.00,34.00,34.00,128.00,198.00
139.00,188.00,34.00,34.00,156.00,205.00
139.00,223.00,34.00,34.00,156.00,240.00
118.00,216.00,34.00,34.00,135.00,233.00
104.00,209.00,34.00,34.00,121.00,226.00
91.00,195.00,34.00,34.00,108.00,212.00
77.00,181.00,34.00,34.00,94.00,198.00
70.00,160.00,34.00,34.00,87.00,177.00
63.00,146.00,34.00,34.00,80.00,163.00
56.00,125.00,34.00,34.00,73.00,142.00
56.00,111.00,34.00,34.00,73.00,128.00
153.00,216.00,34.00,34.00,170.00,233.00
167.00,202.00,34.00,34.00,184.00,219.00
174.00,188.00,34.00,34.00,191.00,205.00
181.00,167.00,34.00,34.00,198.00,184.00
188.00,153.00,34.00,34.00,205.00,170.00
195.00,132.00,34.00,34.00,212.00,149.00
209.00,111.00,34.00,34.00,226.00,128.00
209.00,98.00,34.00,34.00,226.00,115.00
