85,0
x,y,dx,dy,x_c,y_c
237.00,265.00,69.00,69.00,271.50,299.50
223.00,265.00,69.00,69.00,257.50,299.50
209.00,251.00,69.00,69.00,243.50,285.50
251.00,265.00,69.00,69.00,285.50,299.50
265.00,265.00,69.00,69.00,299.50,299.50
237.00,237.00,69.00,69.00,271.50,271.50
237.00,209.00,69.00,69.00,271.50,243.50
237.00,181.00,69.00,69.00,271.50,215.50
251.00,167.00,69.00,69.00,285.50,201.50
209.00,167.00,69.00,69.00,243.50,201.50
195.00,167.00,69.00,69.00,229.50,201.50
195.00,167.00,69.00,69.00,229.50,201.50
195.00,167.00,69.00,69.00,229.50,201.50
195.00,167.00,69.00,69.00,229.50,201.50
181.00,167.00,69.00,69.00,215.50,201.50
153.00,139.00,69.00,69.00,187.50,173.50
167.00,125.00,69.00,69.00,201.50,159.50
181.00,111.00,69.00,69.00,215.50,145.50
209.00,125.00,69.00,69.00,243.50,159.50
223.00,125.00,69.00,69.00,257.50,159.50
279.00,181.00,69.00,69.00,313.50,215.50
293.00,181.00,69.00,69.00,327.50,215.50
306.00,181.00,69.00,69.00,340.50,215.50
293.00,181.00,69.00,69.00,327.50,215.50
306.00,181.00,69.00,69.00,340.50,215.50
320.00,181.00,69.00,69.00,354.50,215.50
348.00,153.00,69.00,69.00,382.50,187.50
334.00,153.00,69.00,69.00,368.50,187.50
306.00,139.00,69.00,69.00,340.50,173.50
293.00,139.00,69.00,69.00,327.50,173.50
265.00,139.00,69.00,69.00,299.50,173.50
237.00,279.00,69.00,69.00,271.50,313.50
209.00,279.00,69.00,69.00,243.50,313.50
195.00,279.00,69.00,69.00,229.50,313.50
181.00,293.00,69.00,69.00,215.50,327.50
195.00,293.00,69.00,69.00,229.50,327.50
209.00,279.00,69.00,69.00,243.50,313.50
237.00,293.00,69.00,69.00,271.50,327.50
265.00,265.00,69.00,69.00,299.50,299.50
279.00,279.00,69.00,69.00,313.50,313.50
279.00,279.00,69.00,69.00,313.50,313.50
279.00,279.00,69.00,69.00,313.50,313.50
279.00,279.00,69.00,69.00,313.50,313.50
265.00,306.00,69.00,69.00,299.50,340.50
251.00,293.00,69.00,69.00,285.50,327.50
251.00,306.00,69.00,69.00,285.50,340.50
223.00,293.00,69.00,69.00,257.50,327.50
195.00,306.00,69.00,69.00,229.50,340.50
195.00,279.00,69.00,69.00,229.50,313.50
181.00,293.00,69.00,69.00,215.50,327.50
223.00,306.00,69.00,69.00,257.50,340.50
237.00,362.00,69.00,69.00,271.50,396.50
195.00,348.00,69.00,69.00,229.50,382.50
167.00,320.00,69.00,69.00,201.50,354.50
139.00,293.00,69.00,69.00,173.50,327.50
125.00,265.00,69.00,69.00,159.50,299.50
111.00,223.00,69.00,69.00,145.50,257.50
98.00,181.00,69.00,69.00,132.50,215.50
84.00,139.00,69.00,69.00,118.50,173.50
84.00,98.00,69.00,69.00,118.50,132.50
265.00,348.00,69.00,69.00,299.50,382.50
293.00,320.00,69.00,69.00,327.50,354.50
334.00,293.00,69.00,69.00,368.50,327.50
348.00,237.00,69.00,69.00,382.50,271.50
362.00,195.00,69.00,69.00,396.50,229.50
376.00,153.00,69.00,69.00,410.50,187.50
390.00,111.00,69.00,69.00,424.50,145.50
390.00,70.00,69.00,69.00,424.50,104.50
