105,0
x,y,dx,dy,x_c,y_c
228.00,289.09,75.27,75.27,265.64,326.73
212.73,289.09,75.27,75.27,250.36,326.73
212.73,289.09,75.27,75.27,250.36,326.73
243.27,289.09,75.27,75.27,280.91,326.73
258.55,289.09,75.27,75.27,296.18,326.73
228.00,258.55,75.27,75.27,265.64,296.18
228.00,243.27,75.27,75.27,265.64,280.91
228.00,228.00,75.27,75.27,265.64,265.64
228.00,212.73,75.27,75.27,265.64,250.36
182.18,212.73,75.27,75.27,219.82,250.36
182.18,212.73,75.27,75.27,219.82,250.36
166.91,212.73,75.27,75.27,204.55,250.36
166.91,212.73,75.27,75.27,204.55,250.36
166.91,212.73,75.27,75.27,204.55,250.36
151.64,228.00,75.27,75.27,189.27,265.64
121.09,197.45,75.27,75.27,158.73,235.09
136.36,182.18,75.27,75.27,174.00,219.82
151.64,166.91,75.27,75.27,189.27,204.55
182.18,166.91,75.27,75.27,219.82,204.55
197.45,166.91,75.27,75.27,235.09,204.55
273.82,212.73,75.27,75.27,311.45,250.36
289.09,212.73,75.27,75.27,326.73,250.36
304.36,212.73,75.27,75.27,342.00,250.36
289.09,197.45,75.27,75.27,326.73,235.09
304.36,197.45,75.27,75.27,342.00,235.09
319.64,197.45,75.27,75.27,357.27,235.09
364.36,182.18,75.27,75.27,402.00,219.82
349.09,182.18,75.27,75.27,386.73,219.82
319.64,182.18,75.27,75.27,357.27,219.82
304.36,182.18,75.27,75.27,342.00,219.82
273.82,197.45,75.27,75.27,311.45,235.09
228.00,304.36,75.27,75.27,265.64,342.00
212.73,304.36,75.27,75.27,250.36,342.00
197.45,319.64,75.27,75.27,235.09,357.27
197.45,333.82,75.27,75.27,235.09,371.45
197.45,349.09,75.27,75.27,235.09,386.73
212.73,319.64,75.27,75.27,250.36,357.27
228.00,319.64,75.27,75.27,265.64,357.27
258.55,304.36,75.27,75.27,296.18,342.00
273.82,319.64,75.27,75.27,311.45,357.27
273.82,333.82,75.27,75.27,311.45,371.45
273.82,333.82,75.27,75.27,311.45,371.45
258.55,319.64,75.27,75.27,296.18,357.27
273.82,364.36,75.27,75.27,311.45,402.00
258.55,349.09,75.27,75.27,296.18,386.73
258.55,364.36,75.27,75.27,296.18,402.00
228.00,349.09,75.27,75.27,265.64,386.73
212.73,364.36,75.27,75.27,250.36,402.00
212.73,349.09,75.27,75.27,250.36,386.73
197.45,364.36,75.27,75.27,235.09,402.00
228.00,364.36,75.27,75.27,265.64,402.00
243.27,440.73,75.27,75.27,280.91,478.36
197.45,425.45,75.27,75.27,235.09,463.09
166.91,410.18,75.27,75.27,204.55,447.82
136.36,379.64,75.27,75.27,174.00,417.27
121.09,349.09,75.27,75.27,158.73,386.73
106.91,304.36,75.27,75.27,144.55,342.00
106.91,273.82,75.27,75.27,144.55,311.45
106.91,228.00,75.27,75.27,144.55,265.64
106.91,182.18,75.27,75.27,144.55,219.82
273.82,425.45,75.27,75.27,311.45,463.09
319.64,410.18,75.27,75.27,357.27,447.82
364.36,394.91,75.27,75.27,402.00,432.55
394.91,349.09,75.27,75.27,432.55,386.73
410.18,319.64,75.27,75.27,447.82,357.27
410.18,289.09,75.27,75.27,447.82,326.73
425.45,243.27,75.27,75.27,463.09,280.91
425.45,212.73,75.27,75.27,463.09,250.36
