125,0
x,y,dx,dy,x_c,y_c
115.00,119.00,22.00,22.00,126.00,130.00
110.00,119.00,22.00,22.00,121.00,130.00
106.00,119.00,22.00,22.00,117.00,130.00
119.00,119.00,22.00,22.00,130.00,130.00
124.00,119.00,22.00,22.00,135.00,130.00
115.00,110.00,22.00,22.00,126.00,121.00
115.00,106.00,22.00,22.00,126.00,117.00
115.00,96.00,22.00,22.00,126.00,107.00
115.00,92.00,22.00,22.00,126.00,103.00
101.00,92.00,22.00,22.00,112.00,103.00
101.00,92.00,22.00,22.00,112.00,103.00
101.00,92.00,22.00,22.00,112.00,103.00
96.00,87.00,22.00,22.00,107.00,98.00
92.00,87.00,22.00,22.00,103.00,98.00
87.00,87.00,22.00,22.00,98.00,98.00
78.00,83.00,22.00,22.00,89.00,94.00
83.00,78.00,22.00,22.00,94.00,89.00
87.00,74.00,22.00,22.00,98.00,85.00
96.00,78.00,22.00,22.00,107.00,89.00
106.00,78.00,22.00,22.00,117.00,89.00
129.00,92.00,22.00,22.00,140.00,103.00
133.00,92.00,22.00,22.00,144.00,103.00
133.00,92.00,22.00,22.00,144.00,103.00
129.00,92.00,22.00,22.00,140.00,103.00
133.00,92.00,22.00,22.00,144.00,103.00
138.00,92.00,22.00,22.00,149.00,103.00
147.00,83.00,22.00,22.00,158.00,94.00
142.00,83.00,22.00,22.00,153.00,94.00
138.00,83.00,22.00,22.00,149.00,94.00
133.00,83.00,22.00,22.00,144.00,94.00
124.00,83.00,22.00,22.00,135.00,94.00
115.00,124.00,22.00,22.00,126.00,135.00
106.00,124.00,22.00,22.00,117.00,135.00
96.00,124.00,22.00,22.00,107.00,135.00
87.00,129.00,22.00,22.00,98.00,140.00
92.00,129.00,22.00,22.00,103.00,140.00
106.00,129.00,22.00,22.00,117.00,140.00
115.00,129.00,22.00,22.00,126.00,140.00
124.00,119.00,22.00,22.00,135.00,130.00
129.00,119.00,22.00,22.00,140.00,130.00
129.00,124.00,22.00,22.00,140.00,135.00
129.00,124.00,22.00,22.00,140.00,135.00
124.00,124.00,22.00,22.00,135.00,135.00
124.00,133.00,22.00,22.00,135.00,144.00
115.00,129.00,22.00,22.00,126.00,140.00
115.00,138.00,22.00,22.00,126.00,149.00
106.00,133.00,22.00,22.00,117.00,144.00
92.00,138.00,22.00,22.00,103.00,149.00
96.00,129.00,22.00,22.00,107.00,140.00
92.00,129.00,22.00,22.00,103.00,140.00
106.00,138.00,22.00,22.00,117.00,149.00
106.00,156.00,22.00,22.00,117.00,167.00
92.00,152.00,22.00,22.00,103.00,163.00
83.00,147.00,22.00,22.00,94.00,158.00
74.00,138.00,22.00,22.00,85.00,149.00
64.00,133.00,22.00,22.00,75.00,144.00
60.00,124.00,22.00,22.00,71.00,135.00
55.00,115.00,22.00,22.00,66.00,126.00
51.00,101.00,22.00,22.00,62.00,112.00
51.00,87.00,22.00,22.00,62.00,98.00
115.00,152.00,22.00,22.00,126.00,163.00
124.00,142.00,22.00,22.00,135.00,153.00
133.00,133.00,22.00,22.00,144.00,144.00
142.00,119.00,22.00,22.00,153.00,130.00
147.00,110.00,22.00,22.00,158.00,121.00
147.00,96.00,22.00,22.00,158.00,107.00
152.00,83.00,22.00,22.00,163.00,94.00
152.00,69.00,22.00,22.00,163.00,80.00
