108,0
x,y,dx,dy,x_c,y_c
265.31,343.92,65.51,65.51,298.07,376.68
251.12,343.92,65.51,65.51,283.87,376.68
238.02,343.92,65.51,65.51,270.77,376.68
278.41,343.92,65.51,65.51,311.17,376.68
291.52,343.92,65.51,65.51,324.27,376.68
265.31,317.72,65.51,65.51,298.07,350.47
265.31,291.52,65.51,65.51,298.07,324.27
265.31,251.12,65.51,65.51,298.07,283.87
265.31,224.91,65.51,65.51,298.07,257.67
224.91,224.91,65.51,65.51,257.67,257.67
211.81,224.91,65.51,65.51,244.57,257.67
211.81,238.02,65.51,65.51,244.57,270.77
211.81,224.91,65.51,65.51,244.57,257.67
211.81,224.91,65.51,65.51,244.57,257.67
198.71,224.91,65.51,65.51,231.47,257.67
159.41,198.71,65.51,65.51,192.16,231.47
172.51,185.61,65.51,65.51,205.26,218.36
185.61,172.51,65.51,65.51,218.36,205.26
211.81,185.61,65.51,65.51,244.57,218.36
238.02,198.71,65.51,65.51,270.77,231.47
304.62,224.91,65.51,65.51,337.37,257.67
317.72,224.91,65.51,65.51,350.47,257.67
330.82,224.91,65.51,65.51,363.58,257.67
317.72,224.91,65.51,65.51,350.47,257.67
330.82,224.91,65.51,65.51,363.58,257.67
343.92,224.91,65.51,65.51,376.68,257.67
371.22,198.71,65.51,65.51,403.97,231.47
357.02,185.61,65.51,65.51,389.78,218.36
330.82,185.61,65.51,65.51,363.58,218.36
317.72,185.61,65.51,65.51,350.47,218.36
278.41,185.61,65.51,65.51,311.17,218.36
265.31,357.02,65.51,65.51,298.07,389.78
251.12,357.02,65.51,65.51,283.87,389.78
238.02,357.02,65.51,65.51,270.77,389.78
211.81,371.22,65.51,65.51,244.57,403.97
224.91,371.22,65.51,65.51,257.67,403.97
251.12,371.22,65.51,65.51,283.87,403.97
265.31,371.22,65.51,65.51,298.07,403.97
291.52,343.92,65.51,65.51,324.27,376.68
304.62,343.92,65.51,65.51,337.37,376.68
317.72,357.02,65.51,65.51,350.47,389.78
317.72,357.02,65.51,65.51,350.47,389.78
304.62,357.02,65.51,65.51,337.37,389.78
304.62,384.32,65.51,65.51,337.37,417.07
291.52,371.22,65.51,65.51,324.27,403.97
291.52,397.42,65.51,65.51,324.27,430.18
265.31,384.32,65.51,65.51,298.07,417.07
238.02,397.42,65.51,65.51,270.77,430.18
238.02,371.22,65.51,65.51,270.77,403.97
224.91,371.22,65.51,65.51,257.67,403.97
265.31,397.42,65.51,65.51,298.07,430.18
265.31,462.93,65.51,65.51,298.07,495.69
238.02,449.83,65.51,65.51,270.77,482.58
211.81,423.63,65.51,65.51,244.57,456.38
185.61,397.42,65.51,65.51,218.36,430.18
172.51,371.22,65.51,65.51,205.26,403.97
159.41,330.82,65.51,65.51,192.16,363.58
159.41,304.62,65.51,65.51,192.16,337.37
159.41,265.31,65.51,65.51,192.16,298.07
159.41,238.02,65.51,65.51,192.16,270.77
291.52,449.83,65.51,65.51,324.27,482.58
317.72,423.63,65.51,65.51,350.47,456.38
357.02,397.42,65.51,65.51,389.78,430.18
384.32,357.02,65.51,65.51,417.07,389.78
397.42,317.72,65.51,65.51,430.18,350.47
410.52,291.52,65.51,65.51,443.28,324.27
423.63,251.12,65.51,65.51,456.38,283.87
423.63,211.81,65.51,65.51,456.38,244.57
