88,0
x,y,dx,dy,x_c,y_c
244.57,296.97,86.25,86.25,287.69,340.10
244.57,296.97,86.25,86.25,287.69,340.10
227.10,296.97,86.25,86.25,270.22,340.10
262.04,296.97,86.25,86.25,305.16,340.10
279.51,296.97,86.25,86.25,322.63,340.10
244.57,262.04,86.25,86.25,287.69,305.16
244.57,244.57,86.25,86.25,287.69,287.69
244.57,209.63,86.25,86.25,287.69,252.76
244.57,192.16,86.25,86.25,287.69,235.29
192.16,209.63,86.25,86.25,235.29,252.76
174.69,209.63,86.25,86.25,217.82,252.76
157.22,209.63,86.25,86.25,200.35,252.76
174.69,192.16,86.25,86.25,217.82,235.29
157.22,192.16,86.25,86.25,200.35,235.29
139.75,209.63,86.25,86.25,182.88,252.76
104.81,174.69,86.25,86.25,147.94,217.82
122.28,157.22,86.25,86.25,165.41,200.35
139.75,139.75,86.25,86.25,182.88,182.88
174.69,139.75,86.25,86.25,217.82,182.88
209.63,157.22,86.25,86.25,252.76,200.35
296.97,192.16,86.25,86.25,340.10,235.29
314.44,192.16,86.25,86.25,357.57,235.29
331.91,192.16,86.25,86.25,375.04,235.29
314.44,192.16,86.25,86.25,357.57,235.29
331.91,192.16,86.25,86.25,375.04,235.29
349.38,192.16,86.25,86.25,392.51,235.29
384.32,157.22,86.25,86.25,427.45,200.35
366.85,157.22,86.25,86.25,409.98,200.35
349.38,157.22,86.25,86.25,392.51,200.35
331.91,157.22,86.25,86.25,375.04,200.35
296.97,157.22,86.25,86.25,340.10,200.35
244.57,314.44,86.25,86.25,287.69,357.57
227.10,314.44,86.25,86.25,270.22,357.57
209.63,314.44,86.25,86.25,252.76,357.57
192.16,331.91,86.25,86.25,235.29,375.04
192.16,331.91,86.25,86.25,235.29,375.04
227.10,331.91,86.25,86.25,270.22,375.04
244.57,331.91,86.25,86.25,287.69,375.04
279.51,296.97,86.25,86.25,322.63,340.10
314.44,314.44,86.25,86.25,357.57,357.57
331.91,314.44,86.25,86.25,375.04,357.57
331.91,314.44,86.25,86.25,375.04,357.57
279.51,331.91,86.25,86.25,322.63,375.04
331.91,349.38,86.25,86.25,375.04,392.51
314.44,331.91,86.25,86.25,357.57,375.04
314.44,366.85,86.25,86.25,357.57,409.98
279.51,349.38,86.25,86.25,322.63,392.51
244.57,366.85,86.25,86.25,287.69,409.98
244.57,349.38,86.25,86.25,287.69,392.51
227.10,349.38,86.25,86.25,270.22,392.51
279.51,366.85,86.25,86.25,322.63,409.98
279.51,436.73,86.25,86.25,322.63,479.85
227.10,419.26,86.25,86.25,270.22,462.38
192.16,401.79,86.25,86.25,235.29,444.92
157.22,366.85,86.25,86.25,200.35,409.98
122.28,331.91,86.25,86.25,165.41,375.04
104.81,296.97,86.25,86.25,147.94,340.10
87.35,262.04,86.25,86.25,130.47,305.16
69.88,192.16,86.25,86.25,113.00,235.29
69.88,139.75,86.25,86.25,113.00,182.88
314.44,419.26,86.25,86.25,357.57,462.38
366.85,401.79,86.25,86.25,409.98,444.92
419.26,384.32,86.25,86.25,462.38,427.45
436.73,331.91,86.25,86.25,479.85,375.04
454.20,296.97,86.25,86.25,497.32,340.10
454.20,244.57,86.25,86.25,497.32,287.69
454.20,192.16,86.25,86.25,497.32,235.29
454.20,157.22,86.25,86.25,497.32,200.35
