50,0
x,y,dx,dy,x_c,y_c
121.00,137.00,25.00,25.00,133.50,149.50
116.00,137.00,25.00,25.00,128.50,149.50
116.00,132.00,25.00,25.00,128.50,144.50
127.00,137.00,25.00,25.00,139.50,149.50
132.00,137.00,25.00,25.00,144.50,149.50
121.00,127.00,25.00,25.00,133.50,139.50
121.00,116.00,25.00,25.00,133.50,128.50
121.00,106.00,25.00,25.00,133.50,118.50
121.00,100.00,25.00,25.00,133.50,112.50
106.00,106.00,25.00,25.00,118.50,118.50
100.00,111.00,25.00,25.00,112.50,123.50
95.00,111.00,25.00,25.00,107.50,123.50
100.00,106.00,25.00,25.00,112.50,118.50
100.00,106.00,25.00,25.00,112.50,118.50
95.00,106.00,25.00,25.00,107.50,118.50
84.00,100.00,25.00,25.00,96.50,112.50
90.00,95.00,25.00,25.00,102.50,107.50
95.00,90.00,25.00,25.00,107.50,102.50
106.00,90.00,25.00,25.00,118.50,102.50
116.00,90.00,25.00,25.00,128.50,102.50
137.00,100.00,25.00,25.00,149.50,112.50
143.00,100.00,25.00,25.00,155.50,112.50
148.00,100.00,25.00,25.00,160.50,112.50
143.00,95.00,25.00,25.00,155.50,107.50
148.00,95.00,25.00,25.00,160.50,107.50
153.00,100.00,25.00,25.00,165.50,112.50
164.00,90.00,25.00,25.00,176.50,102.50
158.00,84.00,25.00,25.00,170.50,96.50
148.00,79.00,25.00,25.00,160.50,91.50
137.00,79.00,25.00,25.00,149.50,91.50
127.00,84.00,25.00,25.00,139.50,96.50
116.00,143.00,25.00,25.00,128.50,155.50
106.00,143.00,25.00,25.00,118.50,155.50
95.00,143.00,25.00,25.00,107.50,155.50
90.00,148.00,25.00,25.00,102.50,160.50
95.00,148.00,25.00,25.00,107.50,160.50
106.00,148.00,25.00,25.00,118.50,160.50
116.00,148.00,25.00,25.00,128.50,160.50
127.00,143.00,25.00,25.00,139.50,155.50
132.00,148.00,25.00,25.00,144.50,160.50
132.00,153.00,25.00,25.00,144.50,165.50
132.00,148.00,25.00,25.00,144.50,160.50
132.00,148.00,25.00,25.00,144.50,160.50
127.00,164.00,25.00,25.00,139.50,176.50
116.00,158.00,25.00,25.00,128.50,170.50
116.00,169.00,25.00,25.00,128.50,181.50
106.00,164.00,25.00,25.00,118.50,176.50
95.00,169.00,25.00,25.00,107.50,181.50
100.00,164.00,25.00,25.00,112.50,176.50
95.00,169.00,25.00,25.00,107.50,181.50
106.00,169.00,25.00,25.00,118.50,181.50
111.00,195.00,25.00,25.00,123.50,207.50
100.00,190.00,25.00,25.00,112.50,202.50
90.00,179.00,25.00,25.00,102.50,191.50
79.00,174.00,25.00,25.00,91.50,186.50
74.00,164.00,25.00,25.00,86.50,176.50
69.00,153.00,25.00,25.00,81.50,165.50
69.00,143.00,25.00,25.00,81.50,155.50
63.00,127.00,25.00,25.00,75.50,139.50
63.00,116.00,25.00,25.00,75.50,128.50
121.00,190.00,25.00,25.00,133.50,202.50
132.00,179.00,25.00,25.00,144.50,191.50
148.00,174.00,25.00,25.00,160.50,186.50
153.00,158.00,25.00,25.00,165.50,170.50
158.00,143.00,25.00,25.00,170.50,155.50
164.00,132.00,25.00,25.00,176.50,144.50
169.00,116.00,25.00,25.00,181.50,128.50
169.00,100.00,25.00,25.00,181.50,112.50
