117,0
x,y,dx,dy,x_c,y_c
243.48,319.90,75.34,75.34,281.14,357.57
228.19,319.90,75.34,75.34,265.86,357.57
228.19,319.90,75.34,75.34,265.86,357.57
258.76,319.90,75.34,75.34,296.43,357.57
274.05,319.90,75.34,75.34,311.71,357.57
243.48,289.33,75.34,75.34,281.14,327.00
243.48,258.76,75.34,75.34,281.14,296.43
243.48,228.19,75.34,75.34,281.14,265.86
243.48,212.90,75.34,75.34,281.14,250.57
197.62,212.90,75.34,75.34,235.29,250.57
197.62,212.90,75.34,75.34,235.29,250.57
182.33,212.90,75.34,75.34,220.00,250.57
182.33,212.90,75.34,75.34,220.00,250.57
182.33,212.90,75.34,75.34,220.00,250.57
167.05,212.90,75.34,75.34,204.72,250.57
121.19,197.62,75.34,75.34,158.86,235.29
136.48,182.33,75.34,75.34,174.14,220.00
167.05,167.05,75.34,75.34,204.72,204.72
197.62,167.05,75.34,75.34,235.29,204.72
228.19,167.05,75.34,75.34,265.86,204.72
289.33,212.90,75.34,75.34,327.00,250.57
304.62,212.90,75.34,75.34,342.28,250.57
319.90,212.90,75.34,75.34,357.57,250.57
304.62,212.90,75.34,75.34,342.28,250.57
319.90,212.90,75.34,75.34,357.57,250.57
334.10,212.90,75.34,75.34,371.76,250.57
364.67,182.33,75.34,75.34,402.33,220.00
349.38,182.33,75.34,75.34,387.05,220.00
319.90,167.05,75.34,75.34,357.57,204.72
304.62,167.05,75.34,75.34,342.28,204.72
274.05,167.05,75.34,75.34,311.71,204.72
243.48,349.38,75.34,75.34,281.14,387.05
228.19,334.10,75.34,75.34,265.86,371.76
197.62,349.38,75.34,75.34,235.29,387.05
182.33,364.67,75.34,75.34,220.00,402.33
197.62,364.67,75.34,75.34,235.29,402.33
212.90,349.38,75.34,75.34,250.57,387.05
243.48,364.67,75.34,75.34,281.14,402.33
274.05,334.10,75.34,75.34,311.71,371.76
289.33,349.38,75.34,75.34,327.00,387.05
304.62,349.38,75.34,75.34,342.28,387.05
304.62,349.38,75.34,75.34,342.28,387.05
289.33,349.38,75.34,75.34,327.00,387.05
304.62,379.95,75.34,75.34,342.28,417.62
274.05,364.67,75.34,75.34,311.71,402.33
274.05,379.95,75.34,75.34,311.71,417.62
243.48,364.67,75.34,75.34,281.14,402.33
212.90,379.95,75.34,75.34,250.57,417.62
212.90,349.38,75.34,75.34,250.57,387.05
197.62,364.67,75.34,75.34,235.29,402.33
243.48,379.95,75.34,75.34,281.14,417.62
258.76,456.38,75.34,75.34,296.43,494.05
228.19,441.09,75.34,75.34,265.86,478.76
197.62,425.81,75.34,75.34,235.29,463.48
167.05,395.24,75.34,75.34,204.72,432.91
151.76,364.67,75.34,75.34,189.43,402.33
136.48,319.90,75.34,75.34,174.14,357.57
121.19,289.33,75.34,75.34,158.86,327.00
107.00,243.48,75.34,75.34,144.67,281.14
107.00,197.62,75.34,75.34,144.67,235.29
289.33,441.09,75.34,75.34,327.00,478.76
319.90,395.24,75.34,75.34,357.57,432.91
349.38,364.67,75.34,75.34,387.05,402.33
364.67,319.90,75.34,75.34,402.33,357.57
379.95,289.33,75.34,75.34,417.62,327.00
395.24,258.76,75.34,75.34,432.91,296.43
410.52,212.90,75.34,75.34,448.19,250.57
410.52,182.33,75.34,75.34,448.19,220.00
