143,30
x,y,dx,dy,x_c,y_c
288.27,185.08,102.07,102.07,339.31,236.12
288.27,185.08,102.07,102.07,339.31,236.12
268.08,164.89,102.07,102.07,319.12,215.92
309.59,185.08,102.07,102.07,360.62,236.12
309.59,185.08,102.07,102.07,360.62,236.12
268.08,123.39,102.07,102.07,319.12,174.42
288.27,103.20,102.07,102.07,339.31,154.23
309.59,83.00,102.07,102.07,360.62,134.04
309.59,61.69,102.07,102.07,360.62,112.73
268.08,61.69,102.07,102.07,319.12,112.73
268.08,61.69,102.07,102.07,319.12,112.73
247.89,61.69,102.07,102.07,298.93,112.73
247.89,61.69,102.07,102.07,298.93,112.73
247.89,61.69,102.07,102.07,298.93,112.73
226.58,83.00,102.07,102.07,277.62,134.04
185.08,20.19,102.07,102.07,236.12,71.23
206.39,20.19,102.07,102.07,257.43,71.23
226.58,0.00,102.07,102.07,277.62,51.04
247.89,20.19,102.07,102.07,298.93,71.23
268.08,20.19,102.07,102.07,319.12,71.23
371.28,61.69,102.07,102.07,422.32,112.73
371.28,83.00,102.07,102.07,422.32,134.04
391.47,83.00,102.07,102.07,442.51,134.04
371.28,61.69,102.07,102.07,422.32,112.73
391.47,61.69,102.07,102.07,442.51,112.73
391.47,83.00,102.07,102.07,442.51,134.04
453.16,61.69,102.07,102.07,504.20,112.73
432.97,41.50,102.07,102.07,484.01,92.54
391.47,20.19,102.07,102.07,442.51,71.23
349.97,20.19,102.07,102.07,401.00,71.23
329.78,20.19,102.07,102.07,380.81,71.23
288.27,226.58,102.07,102.07,339.31,277.62
268.08,226.58,102.07,102.07,319.12,277.62
247.89,226.58,102.07,102.07,298.93,277.62
247.89,247.89,102.07,102.07,298.93,298.93
247.89,247.89,102.07,102.07,298.93,298.93
268.08,226.58,102.07,102.07,319.12,277.62
288.27,226.58,102.07,102.07,339.31,277.62
309.59,226.58,102.07,102.07,360.62,277.62
329.78,226.58,102.07,102.07,380.81,277.62
349.97,247.89,102.07,102.07,401.00,298.93
309.59,247.89,102.07,102.07,360.62,298.93
288.27,226.58,102.07,102.07,339.31,277.62
329.78,268.08,102.07,102.07,380.81,319.12
288.27,226.58,102.07,102.07,339.31,277.62
288.27,268.08,102.07,102.07,339.31,319.12
247.89,247.89,102.07,102.07,298.93,298.93
226.58,268.08,102.07,102.07,277.62,319.12
247.89,226.58,102.07,102.07,298.93,277.62
226.58,268.08,102.07,102.07,277.62,319.12
247.89,268.08,102.07,102.07,298.93,319.12
226.58,371.28,102.07,102.07,277.62,422.32
206.39,349.97,102.07,102.07,257.43,401.00
185.08,329.78,102.07,102.07,236.12,380.81
185.08,309.59,102.07,102.07,236.12,360.62
164.89,288.27,102.07,102.07,215.92,339.31
164.89,247.89,102.07,102.07,215.92,298.93
164.89,206.39,102.07,102.07,215.92,257.43
144.70,164.89,102.07,102.07,195.73,215.92
144.70,144.70,102.07,102.07,195.73,195.73
288.27,371.28,102.07,102.07,339.31,422.32
349.97,349.97,102.07,102.07,401.00,401.00
391.47,329.78,102.07,102.07,442.51,380.81
432.97,288.27,102.07,102.07,484.01,339.31
432.97,247.89,102.07,102.07,484.01,298.93
453.16,185.08,102.07,102.07,504.20,236.12
474.47,123.39,102.07,102.07,525.51,174.42
494.66,83.00,102.07,102.07,545.70,134.04
