81,0
x,y,dx,dy,x_c,y_c
274.05,289.33,75.34,75.34,311.71,327.00
258.76,289.33,75.34,75.34,296.43,327.00
243.48,289.33,75.34,75.34,281.14,327.00
289.33,289.33,75.34,75.34,327.00,327.00
304.62,289.33,75.34,75.34,342.28,327.00
274.05,258.76,75.34,75.34,311.71,296.43
274.05,243.48,75.34,75.34,311.71,281.14
274.05,212.90,75.34,75.34,311.71,250.57
274.05,197.62,75.34,75.34,311.71,235.29
228.19,212.90,75.34,75.34,265.86,250.57
212.90,212.90,75.34,75.34,250.57,250.57
212.90,212.90,75.34,75.34,250.57,250.57
212.90,197.62,75.34,75.34,250.57,235.29
212.90,197.62,75.34,75.34,250.57,235.29
197.62,212.90,75.34,75.34,235.29,250.57
151.76,182.33,75.34,75.34,189.43,220.00
167.05,167.05,75.34,75.34,204.72,204.72
182.33,151.76,75.34,75.34,220.00,189.43
212.90,167.05,75.34,75.34,250.57,204.72
228.19,182.33,75.34,75.34,265.86,220.00
319.90,197.62,75.34,75.34,357.57,235.29
334.10,197.62,75.34,75.34,371.76,235.29
349.38,197.62,75.34,75.34,387.05,235.29
334.10,197.62,75.34,75.34,371.76,235.29
349.38,197.62,75.34,75.34,387.05,235.29
364.67,197.62,75.34,75.34,402.33,235.29
410.52,167.05,75.34,75.34,448.19,204.72
395.24,151.76,75.34,75.34,432.91,189.43
364.67,151.76,75.34,75.34,402.33,189.43
334.10,151.76,75.34,75.34,371.76,189.43
304.62,151.76,75.34,75.34,342.28,189.43
274.05,304.62,75.34,75.34,311.71,342.28
258.76,304.62,75.34,75.34,296.43,342.28
243.48,319.90,75.34,75.34,281.14,357.57
228.19,349.38,75.34,75.34,265.86,387.05
228.19,334.10,75.34,75.34,265.86,371.76
243.48,319.90,75.34,75.34,281.14,357.57
274.05,319.90,75.34,75.34,311.71,357.57
304.62,304.62,75.34,75.34,342.28,342.28
319.90,319.90,75.34,75.34,357.57,357.57
319.90,319.90,75.34,75.34,357.57,357.57
319.90,319.90,75.34,75.34,357.57,357.57
304.62,319.90,75.34,75.34,342.28,357.57
319.90,349.38,75.34,75.34,357.57,387.05
304.62,334.10,75.34,75.34,342.28,371.76
304.62,349.38,75.34,75.34,342.28,387.05
274.05,334.10,75.34,75.34,311.71,371.76
243.48,349.38,75.34,75.34,281.14,387.05
243.48,319.90,75.34,75.34,281.14,357.57
228.19,334.10,75.34,75.34,265.86,371.76
274.05,349.38,75.34,75.34,311.71,387.05
274.05,425.81,75.34,75.34,311.71,463.48
228.19,425.81,75.34,75.34,265.86,463.48
197.62,395.24,75.34,75.34,235.29,432.91
167.05,349.38,75.34,75.34,204.72,387.05
136.48,319.90,75.34,75.34,174.14,357.57
121.19,274.05,75.34,75.34,158.86,311.71
121.19,243.48,75.34,75.34,158.86,281.14
121.19,197.62,75.34,75.34,158.86,235.29
121.19,151.76,75.34,75.34,158.86,189.43
304.62,410.52,75.34,75.34,342.28,448.19
349.38,395.24,75.34,75.34,387.05,432.91
379.95,379.95,75.34,75.34,417.62,417.62
395.24,349.38,75.34,75.34,432.91,387.05
395.24,319.90,75.34,75.34,432.91,357.57
395.24,289.33,75.34,75.34,432.91,327.00
395.24,243.48,75.34,75.34,432.91,281.14
395.24,197.62,75.34,75.34,432.91,235.29
