120,0
x,y,dx,dy,x_c,y_c
272.60,304.80,79.36,79.36,312.28,344.49
256.50,304.80,79.36,79.36,296.18,344.49
256.50,304.80,79.36,79.36,296.18,344.49
288.70,304.80,79.36,79.36,328.38,344.49
304.80,304.80,79.36,79.36,344.49,344.49
272.60,272.60,79.36,79.36,312.28,312.28
272.60,256.50,79.36,79.36,312.28,296.18
272.60,240.39,79.36,79.36,312.28,280.08
272.60,224.29,79.36,79.36,312.28,263.97
240.39,224.29,79.36,79.36,280.08,263.97
224.29,224.29,79.36,79.36,263.97,263.97
224.29,224.29,79.36,79.36,263.97,263.97
224.29,224.29,79.36,79.36,263.97,263.97
224.29,224.29,79.36,79.36,263.97,263.97
208.19,224.29,79.36,79.36,247.87,263.97
175.98,192.08,79.36,79.36,215.66,231.77
192.08,175.98,79.36,79.36,231.77,215.66
208.19,175.98,79.36,79.36,247.87,215.66
224.29,192.08,79.36,79.36,263.97,231.77
256.50,208.19,79.36,79.36,296.18,247.87
320.91,224.29,79.36,79.36,360.59,263.97
337.01,224.29,79.36,79.36,376.69,263.97
351.96,224.29,79.36,79.36,391.65,263.97
337.01,208.19,79.36,79.36,376.69,247.87
351.96,208.19,79.36,79.36,391.65,247.87
368.07,208.19,79.36,79.36,407.75,247.87
416.37,175.98,79.36,79.36,456.06,215.66
400.27,175.98,79.36,79.36,439.95,215.66
368.07,159.88,79.36,79.36,407.75,199.56
337.01,159.88,79.36,79.36,376.69,199.56
304.80,175.98,79.36,79.36,344.49,215.66
272.60,320.91,79.36,79.36,312.28,360.59
256.50,320.91,79.36,79.36,296.18,360.59
240.39,337.01,79.36,79.36,280.08,376.69
224.29,351.96,79.36,79.36,263.97,391.65
224.29,351.96,79.36,79.36,263.97,391.65
240.39,337.01,79.36,79.36,280.08,376.69
272.60,337.01,79.36,79.36,312.28,376.69
304.80,320.91,79.36,79.36,344.49,360.59
320.91,337.01,79.36,79.36,360.59,376.69
337.01,337.01,79.36,79.36,376.69,376.69
337.01,337.01,79.36,79.36,376.69,376.69
320.91,337.01,79.36,79.36,360.59,376.69
320.91,351.96,79.36,79.36,360.59,391.65
304.80,337.01,79.36,79.36,344.49,376.69
304.80,368.07,79.36,79.36,344.49,407.75
272.60,351.96,79.36,79.36,312.28,391.65
240.39,368.07,79.36,79.36,280.08,407.75
240.39,337.01,79.36,79.36,280.08,376.69
224.29,351.96,79.36,79.36,263.97,391.65
272.60,368.07,79.36,79.36,312.28,407.75
288.70,448.58,79.36,79.36,328.38,488.26
256.50,432.48,79.36,79.36,296.18,472.16
224.29,400.27,79.36,79.36,263.97,439.95
192.08,368.07,79.36,79.36,231.77,407.75
159.88,337.01,79.36,79.36,199.56,376.69
143.78,288.70,79.36,79.36,183.46,328.38
127.67,240.39,79.36,79.36,167.36,280.08
112.72,192.08,79.36,79.36,152.40,231.77
112.72,143.78,79.36,79.36,152.40,183.46
320.91,448.58,79.36,79.36,360.59,488.26
368.07,432.48,79.36,79.36,407.75,472.16
400.27,400.27,79.36,79.36,439.95,439.95
416.37,368.07,79.36,79.36,456.06,407.75
432.48,337.01,79.36,79.36,472.16,376.69
448.58,304.80,79.36,79.36,488.26,344.49
464.68,256.50,79.36,79.36,504.37,296.18
464.68,224.29,79.36,79.36,504.37,263.97
