110,0
x,y,dx,dy,x_c,y_c
194.00,218.00,60.00,60.00,224.00,248.00
182.00,218.00,60.00,60.00,212.00,248.00
170.00,206.00,60.00,60.00,200.00,236.00
206.00,218.00,60.00,60.00,236.00,248.00
218.00,218.00,60.00,60.00,248.00,248.00
194.00,194.00,60.00,60.00,224.00,224.00
194.00,170.00,60.00,60.00,224.00,200.00
194.00,146.00,60.00,60.00,224.00,176.00
194.00,133.00,60.00,60.00,224.00,163.00
158.00,133.00,60.00,60.00,188.00,163.00
146.00,133.00,60.00,60.00,176.00,163.00
146.00,133.00,60.00,60.00,176.00,163.00
146.00,121.00,60.00,60.00,176.00,151.00
146.00,121.00,60.00,60.00,176.00,151.00
133.00,133.00,60.00,60.00,163.00,163.00
97.00,121.00,60.00,60.00,127.00,151.00
109.00,109.00,60.00,60.00,139.00,139.00
121.00,97.00,60.00,60.00,151.00,127.00
146.00,97.00,60.00,60.00,176.00,127.00
158.00,109.00,60.00,60.00,188.00,139.00
230.00,133.00,60.00,60.00,260.00,163.00
243.00,146.00,60.00,60.00,273.00,176.00
243.00,146.00,60.00,60.00,273.00,176.00
230.00,133.00,60.00,60.00,260.00,163.00
243.00,133.00,60.00,60.00,273.00,163.00
255.00,133.00,60.00,60.00,285.00,163.00
279.00,109.00,60.00,60.00,309.00,139.00
267.00,109.00,60.00,60.00,297.00,139.00
243.00,109.00,60.00,60.00,273.00,139.00
230.00,109.00,60.00,60.00,260.00,139.00
206.00,109.00,60.00,60.00,236.00,139.00
194.00,230.00,60.00,60.00,224.00,260.00
182.00,230.00,60.00,60.00,212.00,260.00
170.00,243.00,60.00,60.00,200.00,273.00
158.00,267.00,60.00,60.00,188.00,297.00
158.00,267.00,60.00,60.00,188.00,297.00
170.00,243.00,60.00,60.00,200.00,273.00
194.00,243.00,60.00,60.00,224.00,273.00
218.00,218.00,60.00,60.00,248.00,248.00
230.00,230.00,60.00,60.00,260.00,260.00
230.00,230.00,60.00,60.00,260.00,260.00
230.00,230.00,60.00,60.00,260.00,260.00
218.00,230.00,60.00,60.00,248.00,260.00
218.00,255.00,60.00,60.00,248.00,285.00
206.00,243.00,60.00,60.00,236.00,273.00
206.00,255.00,60.00,60.00,236.00,285.00
182.00,243.00,60.00,60.00,212.00,273.00
158.00,255.00,60.00,60.00,188.00,285.00
158.00,230.00,60.00,60.00,188.00,260.00
146.00,243.00,60.00,60.00,176.00,273.00
182.00,255.00,60.00,60.00,212.00,285.00
194.00,315.00,60.00,60.00,224.00,345.00
158.00,303.00,60.00,60.00,188.00,333.00
133.00,291.00,60.00,60.00,163.00,321.00
109.00,279.00,60.00,60.00,139.00,309.00
97.00,267.00,60.00,60.00,127.00,297.00
85.00,230.00,60.00,60.00,115.00,260.00
85.00,206.00,60.00,60.00,115.00,236.00
73.00,170.00,60.00,60.00,103.00,200.00
73.00,146.00,60.00,60.00,103.00,176.00
218.00,315.00,60.00,60.00,248.00,345.00
243.00,291.00,60.00,60.00,273.00,321.00
267.00,267.00,60.00,60.00,297.00,297.00
279.00,230.00,60.00,60.00,309.00,260.00
291.00,206.00,60.00,60.00,321.00,236.00
291.00,170.00,60.00,60.00,321.00,200.00
291.00,133.00,60.00,60.00,321.00,163.00
291.00,97.00,60.00,60.00,321.00,127.00
