181,0
x,y,dx,dy,x_c,y_c
273.82,289.09,75.27,75.27,311.45,326.73
273.82,289.09,75.27,75.27,311.45,326.73
258.55,289.09,75.27,75.27,296.18,326.73
289.09,289.09,75.27,75.27,326.73,326.73
304.36,289.09,75.27,75.27,342.00,326.73
273.82,258.55,75.27,75.27,311.45,296.18
273.82,243.27,75.27,75.27,311.45,280.91
273.82,212.73,75.27,75.27,311.45,250.36
273.82,197.45,75.27,75.27,311.45,235.09
228.00,197.45,75.27,75.27,265.64,235.09
212.73,197.45,75.27,75.27,250.36,235.09
197.45,197.45,75.27,75.27,235.09,235.09
212.73,197.45,75.27,75.27,250.36,235.09
197.45,197.45,75.27,75.27,235.09,235.09
182.18,197.45,75.27,75.27,219.82,235.09
151.64,166.91,75.27,75.27,189.27,204.55
166.91,136.36,75.27,75.27,204.55,174.00
182.18,121.09,75.27,75.27,219.82,158.73
212.73,121.09,75.27,75.27,250.36,158.73
243.27,121.09,75.27,75.27,280.91,158.73
319.64,212.73,75.27,75.27,357.27,250.36
333.82,212.73,75.27,75.27,371.45,250.36
333.82,212.73,75.27,75.27,371.45,250.36
333.82,197.45,75.27,75.27,371.45,235.09
333.82,197.45,75.27,75.27,371.45,235.09
349.09,212.73,75.27,75.27,386.73,250.36
379.64,182.18,75.27,75.27,417.27,219.82
364.36,182.18,75.27,75.27,402.00,219.82
349.09,166.91,75.27,75.27,386.73,204.55
333.82,166.91,75.27,75.27,371.45,204.55
304.36,166.91,75.27,75.27,342.00,204.55
273.82,304.36,75.27,75.27,311.45,342.00
258.55,304.36,75.27,75.27,296.18,342.00
243.27,319.64,75.27,75.27,280.91,357.27
228.00,349.09,75.27,75.27,265.64,386.73
243.27,349.09,75.27,75.27,280.91,386.73
258.55,319.64,75.27,75.27,296.18,357.27
273.82,319.64,75.27,75.27,311.45,357.27
289.09,304.36,75.27,75.27,326.73,342.00
304.36,319.64,75.27,75.27,342.00,357.27
319.64,333.82,75.27,75.27,357.27,371.45
304.36,333.82,75.27,75.27,342.00,371.45
304.36,319.64,75.27,75.27,342.00,357.27
304.36,364.36,75.27,75.27,342.00,402.00
289.09,349.09,75.27,75.27,326.73,386.73
289.09,364.36,75.27,75.27,326.73,402.00
258.55,349.09,75.27,75.27,296.18,386.73
243.27,364.36,75.27,75.27,280.91,402.00
258.55,333.82,75.27,75.27,296.18,371.45
243.27,349.09,75.27,75.27,280.91,386.73
258.55,364.36,75.27,75.27,296.18,402.00
258.55,440.73,75.27,75.27,296.18,478.36
212.73,425.45,75.27,75.27,250.36,463.09
182.18,394.91,75.27,75.27,219.82,432.55
151.64,364.36,75.27,75.27,189.27,402.00
121.09,333.82,75.27,75.27,158.73,371.45
106.91,304.36,75.27,75.27,144.55,342.00
91.64,273.82,75.27,75.27,129.27,311.45
76.36,228.00,75.27,75.27,114.00,265.64
76.36,197.45,75.27,75.27,114.00,235.09
289.09,425.45,75.27,75.27,326.73,463.09
319.64,410.18,75.27,75.27,357.27,447.82
349.09,394.91,75.27,75.27,386.73,432.55
364.36,349.09,75.27,75.27,402.00,386.73
379.64,319.64,75.27,75.27,417.27,357.27
394.91,304.36,75.27,75.27,432.55,342.00
410.18,258.55,75.27,75.27,447.82,296.18
410.18,228.00,75.27,75.27,447.82,265.64
