148,0
x,y,dx,dy,x_c,y_c
118.00,139.00,34.00,34.00,135.00,156.00
111.00,139.00,34.00,34.00,128.00,156.00
104.00,139.00,34.00,34.00,121.00,156.00
125.00,139.00,34.00,34.00,142.00,156.00
132.00,139.00,34.00,34.00,149.00,156.00
118.00,125.00,34.00,34.00,135.00,142.00
118.00,111.00,34.00,34.00,135.00,128.00
118.00,98.00,34.00,34.00,135.00,115.00
118.00,91.00,34.00,34.00,135.00,108.00
98.00,91.00,34.00,34.00,115.00,108.00
98.00,91.00,34.00,34.00,115.00,108.00
91.00,91.00,34.00,34.00,108.00,108.00
91.00,91.00,34.00,34.00,108.00,108.00
91.00,91.00,34.00,34.00,108.00,108.00
84.00,91.00,34.00,34.00,101.00,108.00
63.00,84.00,34.00,34.00,80.00,101.00
70.00,77.00,34.00,34.00,87.00,94.00
77.00,70.00,34.00,34.00,94.00,87.00
91.00,77.00,34.00,34.00,108.00,94.00
104.00,77.00,34.00,34.00,121.00,94.00
132.00,98.00,34.00,34.00,149.00,115.00
139.00,98.00,34.00,34.00,156.00,115.00
146.00,98.00,34.00,34.00,163.00,115.00
139.00,98.00,34.00,34.00,156.00,115.00
146.00,98.00,34.00,34.00,163.00,115.00
153.00,98.00,34.00,34.00,170.00,115.00
174.00,84.00,34.00,34.00,191.00,101.00
167.00,84.00,34.00,34.00,184.00,101.00
160.00,77.00,34.00,34.00,177.00,94.00
146.00,77.00,34.00,34.00,163.00,94.00
125.00,77.00,34.00,34.00,142.00,94.00
118.00,153.00,34.00,34.00,135.00,170.00
111.00,146.00,34.00,34.00,128.00,163.00
98.00,153.00,34.00,34.00,115.00,170.00
91.00,160.00,34.00,34.00,108.00,177.00
98.00,160.00,34.00,34.00,115.00,177.00
104.00,153.00,34.00,34.00,121.00,170.00
118.00,160.00,34.00,34.00,135.00,177.00
132.00,146.00,34.00,34.00,149.00,163.00
139.00,153.00,34.00,34.00,156.00,170.00
139.00,160.00,34.00,34.00,156.00,177.00
139.00,160.00,34.00,34.00,156.00,177.00
132.00,153.00,34.00,34.00,149.00,170.00
139.00,167.00,34.00,34.00,156.00,184.00
132.00,160.00,34.00,34.00,149.00,177.00
132.00,167.00,34.00,34.00,149.00,184.00
118.00,160.00,34.00,34.00,135.00,177.00
104.00,167.00,34.00,34.00,121.00,184.00
104.00,153.00,34.00,34.00,121.00,170.00
98.00,160.00,34.00,34.00,115.00,177.00
118.00,167.00,34.00,34.00,135.00,184.00
125.00,195.00,34.00,34.00,142.00,212.00
104.00,195.00,34.00,34.00,121.00,212.00
91.00,181.00,34.00,34.00,108.00,198.00
77.00,167.00,34.00,34.00,94.00,184.00
70.00,153.00,34.00,34.00,87.00,170.00
63.00,132.00,34.00,34.00,80.00,149.00
56.00,118.00,34.00,34.00,73.00,135.00
49.00,98.00,34.00,34.00,66.00,115.00
49.00,77.00,34.00,34.00,66.00,94.00
139.00,188.00,34.00,34.00,156.00,205.00
153.00,181.00,34.00,34.00,170.00,198.00
167.00,174.00,34.00,34.00,184.00,191.00
174.00,160.00,34.00,34.00,191.00,177.00
181.00,146.00,34.00,34.00,198.00,163.00
188.00,132.00,34.00,34.00,205.00,149.00
195.00,111.00,34.00,34.00,212.00,128.00
195.00,98.00,34.00,34.00,212.00,115.00
