59,15
x,y,dx,dy,x_c,y_c
255.53,285.72,74.39,74.39,292.73,322.92
240.43,285.72,74.39,74.39,277.63,322.92
225.34,285.72,74.39,74.39,262.54,322.92
270.62,285.72,74.39,74.39,307.82,322.92
285.72,285.72,74.39,74.39,322.92,322.92
255.53,240.43,74.39,74.39,292.73,277.63
255.53,225.34,74.39,74.39,292.73,262.54
255.53,210.25,74.39,74.39,292.73,247.44
270.62,195.15,74.39,74.39,307.82,232.35
240.43,195.15,74.39,74.39,277.63,232.35
225.34,195.15,74.39,74.39,262.54,232.35
210.25,195.15,74.39,74.39,247.44,232.35
225.34,180.06,74.39,74.39,262.54,217.25
210.25,180.06,74.39,74.39,247.44,217.25
210.25,195.15,74.39,74.39,247.44,232.35
180.06,164.96,74.39,74.39,217.25,202.16
195.15,149.87,74.39,74.39,232.35,187.06
210.25,149.87,74.39,74.39,247.44,187.06
225.34,149.87,74.39,74.39,262.54,187.06
240.43,149.87,74.39,74.39,277.63,187.06
315.91,210.25,74.39,74.39,353.10,247.44
329.92,210.25,74.39,74.39,367.12,247.44
345.02,225.34,74.39,74.39,382.22,262.54
329.92,195.15,74.39,74.39,367.12,232.35
329.92,195.15,74.39,74.39,367.12,232.35
345.02,210.25,74.39,74.39,382.22,247.44
390.30,195.15,74.39,74.39,427.50,232.35
375.21,164.96,74.39,74.39,412.40,202.16
345.02,164.96,74.39,74.39,382.22,202.16
329.92,164.96,74.39,74.39,367.12,202.16
300.81,164.96,74.39,74.39,338.01,202.16
240.43,300.81,74.39,74.39,277.63,338.01
210.25,300.81,74.39,74.39,247.44,338.01
195.15,315.91,74.39,74.39,232.35,353.10
180.06,329.92,74.39,74.39,217.25,367.12
195.15,329.92,74.39,74.39,232.35,367.12
210.25,315.91,74.39,74.39,247.44,353.10
240.43,315.91,74.39,74.39,277.63,353.10
270.62,315.91,74.39,74.39,307.82,353.10
300.81,315.91,74.39,74.39,338.01,353.10
315.91,329.92,74.39,74.39,353.10,367.12
300.81,329.92,74.39,74.39,338.01,367.12
255.53,329.92,74.39,74.39,292.73,367.12
285.72,345.02,74.39,74.39,322.92,382.22
240.43,315.91,74.39,74.39,277.63,353.10
240.43,329.92,74.39,74.39,277.63,367.12
210.25,315.91,74.39,74.39,247.44,353.10
195.15,345.02,74.39,74.39,232.35,382.22
195.15,315.91,74.39,74.39,232.35,353.10
180.06,345.02,74.39,74.39,217.25,382.22
210.25,345.02,74.39,74.39,247.44,382.22
210.25,435.59,74.39,74.39,247.44,472.78
195.15,420.49,74.39,74.39,232.35,457.69
180.06,405.40,74.39,74.39,217.25,442.59
164.96,375.21,74.39,74.39,202.16,412.40
149.87,360.11,74.39,74.39,187.06,397.31
134.77,345.02,74.39,74.39,171.97,382.22
119.68,315.91,74.39,74.39,156.88,353.10
119.68,300.81,74.39,74.39,156.88,338.01
119.68,270.62,74.39,74.39,156.88,307.82
255.53,435.59,74.39,74.39,292.73,472.78
285.72,420.49,74.39,74.39,322.92,457.69
315.91,390.30,74.39,74.39,353.10,427.50
329.92,360.11,74.39,74.39,367.12,397.31
360.11,329.92,74.39,74.39,397.31,367.12
375.21,300.81,74.39,74.39,412.40,338.01
390.30,270.62,74.39,74.39,427.50,307.82
390.30,255.53,74.39,74.39,427.50,292.73
