77,0
x,y,dx,dy,x_c,y_c
176.00,200.00,39.00,39.00,195.50,219.50
168.00,200.00,39.00,39.00,187.50,219.50
160.00,200.00,39.00,39.00,179.50,219.50
184.00,200.00,39.00,39.00,203.50,219.50
192.00,200.00,39.00,39.00,211.50,219.50
176.00,184.00,39.00,39.00,195.50,203.50
176.00,176.00,39.00,39.00,195.50,195.50
176.00,160.00,39.00,39.00,195.50,179.50
176.00,144.00,39.00,39.00,195.50,163.50
152.00,144.00,39.00,39.00,171.50,163.50
144.00,144.00,39.00,39.00,163.50,163.50
144.00,144.00,39.00,39.00,163.50,163.50
144.00,136.00,39.00,39.00,163.50,155.50
136.00,136.00,39.00,39.00,155.50,155.50
120.00,136.00,39.00,39.00,139.50,155.50
96.00,120.00,39.00,39.00,115.50,139.50
104.00,112.00,39.00,39.00,123.50,131.50
112.00,104.00,39.00,39.00,131.50,123.50
120.00,112.00,39.00,39.00,139.50,131.50
128.00,112.00,39.00,39.00,147.50,131.50
200.00,144.00,39.00,39.00,219.50,163.50
208.00,144.00,39.00,39.00,227.50,163.50
216.00,144.00,39.00,39.00,235.50,163.50
208.00,136.00,39.00,39.00,227.50,155.50
216.00,136.00,39.00,39.00,235.50,155.50
224.00,136.00,39.00,39.00,243.50,155.50
248.00,120.00,39.00,39.00,267.50,139.50
240.00,112.00,39.00,39.00,259.50,131.50
224.00,112.00,39.00,39.00,243.50,131.50
208.00,112.00,39.00,39.00,227.50,131.50
192.00,120.00,39.00,39.00,211.50,139.50
176.00,216.00,39.00,39.00,195.50,235.50
160.00,208.00,39.00,39.00,179.50,227.50
144.00,216.00,39.00,39.00,163.50,235.50
136.00,224.00,39.00,39.00,155.50,243.50
136.00,224.00,39.00,39.00,155.50,243.50
152.00,216.00,39.00,39.00,171.50,235.50
176.00,224.00,39.00,39.00,195.50,243.50
192.00,208.00,39.00,39.00,211.50,227.50
200.00,216.00,39.00,39.00,219.50,235.50
208.00,216.00,39.00,39.00,227.50,235.50
208.00,216.00,39.00,39.00,227.50,235.50
200.00,216.00,39.00,39.00,219.50,235.50
200.00,232.00,39.00,39.00,219.50,251.50
184.00,224.00,39.00,39.00,203.50,243.50
184.00,240.00,39.00,39.00,203.50,259.50
168.00,232.00,39.00,39.00,187.50,251.50
144.00,240.00,39.00,39.00,163.50,259.50
144.00,224.00,39.00,39.00,163.50,243.50
136.00,232.00,39.00,39.00,155.50,251.50
168.00,240.00,39.00,39.00,187.50,259.50
176.00,280.00,39.00,39.00,195.50,299.50
152.00,272.00,39.00,39.00,171.50,291.50
136.00,264.00,39.00,39.00,155.50,283.50
120.00,248.00,39.00,39.00,139.50,267.50
104.00,232.00,39.00,39.00,123.50,251.50
96.00,216.00,39.00,39.00,115.50,235.50
88.00,200.00,39.00,39.00,107.50,219.50
80.00,176.00,39.00,39.00,99.50,195.50
80.00,160.00,39.00,39.00,99.50,179.50
192.00,272.00,39.00,39.00,211.50,291.50
208.00,256.00,39.00,39.00,227.50,275.50
224.00,240.00,39.00,39.00,243.50,259.50
240.00,216.00,39.00,39.00,259.50,235.50
248.00,192.00,39.00,39.00,267.50,211.50
256.00,168.00,39.00,39.00,275.50,187.50
264.00,144.00,39.00,39.00,283.50,163.50
264.00,120.00,39.00,39.00,283.50,139.50
