108,0
x,y,dx,dy,x_c,y_c
190.00,201.00,52.00,52.00,216.00,227.00
179.00,201.00,52.00,52.00,205.00,227.00
169.00,190.00,52.00,52.00,195.00,216.00
201.00,201.00,52.00,52.00,227.00,227.00
211.00,201.00,52.00,52.00,237.00,227.00
190.00,179.00,52.00,52.00,216.00,205.00
190.00,169.00,52.00,52.00,216.00,195.00
190.00,148.00,52.00,52.00,216.00,174.00
190.00,137.00,52.00,52.00,216.00,163.00
158.00,137.00,52.00,52.00,184.00,163.00
148.00,137.00,52.00,52.00,174.00,163.00
137.00,137.00,52.00,52.00,163.00,163.00
148.00,127.00,52.00,52.00,174.00,153.00
137.00,127.00,52.00,52.00,163.00,153.00
127.00,137.00,52.00,52.00,153.00,163.00
106.00,116.00,52.00,52.00,132.00,142.00
116.00,106.00,52.00,52.00,142.00,132.00
127.00,95.00,52.00,52.00,153.00,121.00
148.00,106.00,52.00,52.00,174.00,132.00
169.00,116.00,52.00,52.00,195.00,142.00
211.00,137.00,52.00,52.00,237.00,163.00
222.00,137.00,52.00,52.00,248.00,163.00
232.00,137.00,52.00,52.00,258.00,163.00
222.00,127.00,52.00,52.00,248.00,153.00
222.00,127.00,52.00,52.00,248.00,153.00
232.00,137.00,52.00,52.00,258.00,163.00
253.00,116.00,52.00,52.00,279.00,142.00
243.00,106.00,52.00,52.00,269.00,132.00
232.00,106.00,52.00,52.00,258.00,132.00
222.00,106.00,52.00,52.00,248.00,132.00
201.00,106.00,52.00,52.00,227.00,132.00
190.00,211.00,52.00,52.00,216.00,237.00
169.00,211.00,52.00,52.00,195.00,237.00
148.00,211.00,52.00,52.00,174.00,237.00
137.00,222.00,52.00,52.00,163.00,248.00
148.00,222.00,52.00,52.00,174.00,248.00
158.00,222.00,52.00,52.00,184.00,248.00
190.00,222.00,52.00,52.00,216.00,248.00
211.00,211.00,52.00,52.00,237.00,237.00
222.00,211.00,52.00,52.00,248.00,237.00
232.00,222.00,52.00,52.00,258.00,248.00
222.00,222.00,52.00,52.00,248.00,248.00
222.00,222.00,52.00,52.00,248.00,248.00
222.00,232.00,52.00,52.00,248.00,258.00
201.00,222.00,52.00,52.00,227.00,248.00
201.00,243.00,52.00,52.00,227.00,269.00
179.00,232.00,52.00,52.00,205.00,258.00
148.00,243.00,52.00,52.00,174.00,269.00
148.00,222.00,52.00,52.00,174.00,248.00
137.00,232.00,52.00,52.00,163.00,258.00
179.00,243.00,52.00,52.00,205.00,269.00
190.00,306.00,52.00,52.00,216.00,332.00
158.00,296.00,52.00,52.00,184.00,322.00
137.00,274.00,52.00,52.00,163.00,300.00
116.00,253.00,52.00,52.00,142.00,279.00
95.00,243.00,52.00,52.00,121.00,269.00
84.00,222.00,52.00,52.00,110.00,248.00
84.00,201.00,52.00,52.00,110.00,227.00
74.00,169.00,52.00,52.00,100.00,195.00
74.00,148.00,52.00,52.00,100.00,174.00
201.00,285.00,52.00,52.00,227.00,311.00
222.00,264.00,52.00,52.00,248.00,290.00
243.00,243.00,52.00,52.00,269.00,269.00
253.00,211.00,52.00,52.00,279.00,237.00
264.00,190.00,52.00,52.00,290.00,216.00
274.00,158.00,52.00,52.00,300.00,184.00
285.00,127.00,52.00,52.00,311.00,153.00
285.00,95.00,52.00,52.00,311.00,121.00
