113,0
x,y,dx,dy,x_c,y_c
161.79,415.12,114.13,114.13,218.85,472.19
137.96,415.12,114.13,114.13,195.02,472.19
115.38,415.12,114.13,114.13,172.45,472.19
184.36,415.12,114.13,114.13,241.42,472.19
206.93,415.12,114.13,114.13,264.00,472.19
161.79,368.72,114.13,114.13,218.85,425.78
161.79,322.32,114.13,114.13,218.85,379.38
161.79,277.17,114.13,114.13,218.85,334.23
161.79,253.34,114.13,114.13,218.85,310.40
92.81,277.17,114.13,114.13,149.87,334.23
68.98,277.17,114.13,114.13,126.04,334.23
46.40,277.17,114.13,114.13,103.47,334.23
68.98,277.17,114.13,114.13,126.04,334.23
46.40,277.17,114.13,114.13,103.47,334.23
22.57,277.17,114.13,114.13,79.64,334.23
-22.57,230.76,114.13,114.13,34.49,287.83
0.00,206.93,114.13,114.13,57.06,264.00
22.57,184.36,114.13,114.13,79.64,241.42
46.40,184.36,114.13,114.13,103.47,241.42
68.98,184.36,114.13,114.13,126.04,241.42
206.93,277.17,114.13,114.13,264.00,334.23
230.76,299.74,114.13,114.13,287.83,356.81
253.34,299.74,114.13,114.13,310.40,356.81
230.76,277.17,114.13,114.13,287.83,334.23
253.34,277.17,114.13,114.13,310.40,334.23
277.17,299.74,114.13,114.13,334.23,356.81
322.32,253.34,114.13,114.13,379.38,310.40
299.74,230.76,114.13,114.13,356.81,287.83
253.34,206.93,114.13,114.13,310.40,264.00
230.76,206.93,114.13,114.13,287.83,264.00
184.36,206.93,114.13,114.13,241.42,264.00
161.79,437.70,114.13,114.13,218.85,494.76
115.38,437.70,114.13,114.13,172.45,494.76
92.81,461.53,114.13,114.13,149.87,518.59
68.98,484.10,114.13,114.13,126.04,541.17
68.98,484.10,114.13,114.13,126.04,541.17
115.38,461.53,114.13,114.13,172.45,518.59
161.79,461.53,114.13,114.13,218.85,518.59
206.93,437.70,114.13,114.13,264.00,494.76
230.76,461.53,114.13,114.13,287.83,518.59
230.76,461.53,114.13,114.13,287.83,518.59
230.76,461.53,114.13,114.13,287.83,518.59
206.93,461.53,114.13,114.13,264.00,518.59
206.93,484.10,114.13,114.13,264.00,541.17
184.36,461.53,114.13,114.13,241.42,518.59
184.36,506.68,114.13,114.13,241.42,563.74
137.96,484.10,114.13,114.13,195.02,541.17
92.81,506.68,114.13,114.13,149.87,563.74
115.38,484.10,114.13,114.13,172.45,541.17
92.81,506.68,114.13,114.13,149.87,563.74
137.96,506.68,114.13,114.13,195.02,563.74
184.36,622.06,114.13,114.13,241.42,679.12
115.38,622.06,114.13,114.13,172.45,679.12
68.98,599.48,114.13,114.13,126.04,656.55
22.57,575.65,114.13,114.13,79.64,632.72
0.00,553.08,114.13,114.13,57.06,610.14
-22.57,506.68,114.13,114.13,34.49,563.74
-22.57,461.53,114.13,114.13,34.49,518.59
-22.57,391.29,114.13,114.13,34.49,448.36
-22.57,346.15,114.13,114.13,34.49,403.21
206.93,599.48,114.13,114.13,264.00,656.55
253.34,575.65,114.13,114.13,310.40,632.72
299.74,530.51,114.13,114.13,356.81,587.57
322.32,461.53,114.13,114.13,379.38,518.59
346.15,415.12,114.13,114.13,403.21,472.19
346.15,368.72,114.13,114.13,403.21,425.78
368.72,299.74,114.13,114.13,425.78,356.81
368.72,253.34,114.13,114.13,425.78,310.40
