139,0
x,y,dx,dy,x_c,y_c
223.00,279.00,69.00,69.00,257.50,313.50
209.00,279.00,69.00,69.00,243.50,313.50
195.00,279.00,69.00,69.00,229.50,313.50
237.00,279.00,69.00,69.00,271.50,313.50
251.00,279.00,69.00,69.00,285.50,313.50
223.00,251.00,69.00,69.00,257.50,285.50
223.00,223.00,69.00,69.00,257.50,257.50
223.00,195.00,69.00,69.00,257.50,229.50
223.00,181.00,69.00,69.00,257.50,215.50
181.00,181.00,69.00,69.00,215.50,215.50
167.00,181.00,69.00,69.00,201.50,215.50
153.00,181.00,69.00,69.00,187.50,215.50
167.00,167.00,69.00,69.00,201.50,201.50
153.00,167.00,69.00,69.00,187.50,201.50
139.00,181.00,69.00,69.00,173.50,215.50
111.00,153.00,69.00,69.00,145.50,187.50
125.00,139.00,69.00,69.00,159.50,173.50
139.00,125.00,69.00,69.00,173.50,159.50
153.00,139.00,69.00,69.00,187.50,173.50
167.00,139.00,69.00,69.00,201.50,173.50
265.00,195.00,69.00,69.00,299.50,229.50
279.00,195.00,69.00,69.00,313.50,229.50
293.00,195.00,69.00,69.00,327.50,229.50
279.00,195.00,69.00,69.00,313.50,229.50
293.00,195.00,69.00,69.00,327.50,229.50
306.00,195.00,69.00,69.00,340.50,229.50
334.00,167.00,69.00,69.00,368.50,201.50
320.00,167.00,69.00,69.00,354.50,201.50
293.00,153.00,69.00,69.00,327.50,187.50
265.00,153.00,69.00,69.00,299.50,187.50
237.00,153.00,69.00,69.00,271.50,187.50
223.00,306.00,69.00,69.00,257.50,340.50
209.00,306.00,69.00,69.00,243.50,340.50
195.00,320.00,69.00,69.00,229.50,354.50
181.00,348.00,69.00,69.00,215.50,382.50
195.00,348.00,69.00,69.00,229.50,382.50
209.00,306.00,69.00,69.00,243.50,340.50
223.00,306.00,69.00,69.00,257.50,340.50
251.00,293.00,69.00,69.00,285.50,327.50
265.00,293.00,69.00,69.00,299.50,327.50
279.00,306.00,69.00,69.00,313.50,340.50
279.00,306.00,69.00,69.00,313.50,340.50
265.00,306.00,69.00,69.00,299.50,340.50
265.00,334.00,69.00,69.00,299.50,368.50
237.00,320.00,69.00,69.00,271.50,354.50
237.00,334.00,69.00,69.00,271.50,368.50
209.00,320.00,69.00,69.00,243.50,354.50
181.00,334.00,69.00,69.00,215.50,368.50
181.00,306.00,69.00,69.00,215.50,340.50
167.00,306.00,69.00,69.00,201.50,340.50
209.00,334.00,69.00,69.00,243.50,368.50
223.00,404.00,69.00,69.00,257.50,438.50
181.00,404.00,69.00,69.00,215.50,438.50
167.00,376.00,69.00,69.00,201.50,410.50
139.00,348.00,69.00,69.00,173.50,382.50
125.00,320.00,69.00,69.00,159.50,354.50
111.00,279.00,69.00,69.00,145.50,313.50
111.00,251.00,69.00,69.00,145.50,285.50
111.00,209.00,69.00,69.00,145.50,243.50
111.00,181.00,69.00,69.00,145.50,215.50
251.00,390.00,69.00,69.00,285.50,424.50
279.00,362.00,69.00,69.00,313.50,396.50
306.00,334.00,69.00,69.00,340.50,368.50
334.00,293.00,69.00,69.00,368.50,327.50
362.00,265.00,69.00,69.00,396.50,299.50
376.00,237.00,69.00,69.00,410.50,271.50
376.00,195.00,69.00,69.00,410.50,229.50
376.00,167.00,69.00,69.00,410.50,201.50
