77,0
x,y,dx,dy,x_c,y_c
136.00,160.00,39.00,39.00,155.50,179.50
128.00,160.00,39.00,39.00,147.50,179.50
120.00,160.00,39.00,39.00,139.50,179.50
144.00,152.00,39.00,39.00,163.50,171.50
152.00,152.00,39.00,39.00,171.50,171.50
136.00,144.00,39.00,39.00,155.50,163.50
136.00,128.00,39.00,39.00,155.50,147.50
136.00,112.00,39.00,39.00,155.50,131.50
136.00,104.00,39.00,39.00,155.50,123.50
112.00,104.00,39.00,39.00,131.50,123.50
112.00,104.00,39.00,39.00,131.50,123.50
112.00,104.00,39.00,39.00,131.50,123.50
104.00,104.00,39.00,39.00,123.50,123.50
104.00,104.00,39.00,39.00,123.50,123.50
96.00,104.00,39.00,39.00,115.50,123.50
80.00,88.00,39.00,39.00,99.50,107.50
88.00,80.00,39.00,39.00,107.50,99.50
104.00,72.00,39.00,39.00,123.50,91.50
120.00,80.00,39.00,39.00,139.50,99.50
128.00,88.00,39.00,39.00,147.50,107.50
152.00,96.00,39.00,39.00,171.50,115.50
160.00,96.00,39.00,39.00,179.50,115.50
168.00,96.00,39.00,39.00,187.50,115.50
160.00,96.00,39.00,39.00,179.50,115.50
168.00,96.00,39.00,39.00,187.50,115.50
176.00,96.00,39.00,39.00,195.50,115.50
200.00,80.00,39.00,39.00,219.50,99.50
192.00,80.00,39.00,39.00,211.50,99.50
176.00,80.00,39.00,39.00,195.50,99.50
168.00,80.00,39.00,39.00,187.50,99.50
152.00,80.00,39.00,39.00,171.50,99.50
128.00,168.00,39.00,39.00,147.50,187.50
120.00,168.00,39.00,39.00,139.50,187.50
112.00,176.00,39.00,39.00,131.50,195.50
104.00,184.00,39.00,39.00,123.50,203.50
104.00,184.00,39.00,39.00,123.50,203.50
120.00,176.00,39.00,39.00,139.50,195.50
128.00,176.00,39.00,39.00,147.50,195.50
144.00,168.00,39.00,39.00,163.50,187.50
152.00,176.00,39.00,39.00,171.50,195.50
152.00,176.00,39.00,39.00,171.50,195.50
152.00,176.00,39.00,39.00,171.50,195.50
144.00,176.00,39.00,39.00,163.50,195.50
144.00,184.00,39.00,39.00,163.50,203.50
136.00,176.00,39.00,39.00,155.50,195.50
136.00,192.00,39.00,39.00,155.50,211.50
120.00,184.00,39.00,39.00,139.50,203.50
112.00,192.00,39.00,39.00,131.50,211.50
112.00,176.00,39.00,39.00,131.50,195.50
104.00,184.00,39.00,39.00,123.50,203.50
120.00,192.00,39.00,39.00,139.50,211.50
128.00,232.00,39.00,39.00,147.50,251.50
112.00,224.00,39.00,39.00,131.50,243.50
96.00,208.00,39.00,39.00,115.50,227.50
80.00,192.00,39.00,39.00,99.50,211.50
64.00,176.00,39.00,39.00,83.50,195.50
56.00,152.00,39.00,39.00,75.50,171.50
56.00,128.00,39.00,39.00,75.50,147.50
48.00,104.00,39.00,39.00,67.50,123.50
48.00,80.00,39.00,39.00,67.50,99.50
152.00,232.00,39.00,39.00,171.50,251.50
176.00,224.00,39.00,39.00,195.50,243.50
200.00,208.00,39.00,39.00,219.50,227.50
208.00,184.00,39.00,39.00,227.50,203.50
216.00,160.00,39.00,39.00,235.50,179.50
224.00,144.00,39.00,39.00,243.50,163.50
232.00,120.00,39.00,39.00,251.50,139.50
232.00,104.00,39.00,39.00,251.50,123.50
